Player           Team PS GP  Min  FGM  FGA  3M  3A FTM  FTA  OR   TR   AS  ST  TO  BK  PF  DQ   PTS  TC  EJ  FF Sta +/-
abrines,alex      okl SG 34  526   67  170  51 127  21   25  11   40   22  20  21   6  60   0   206   0   0   0   3  -38
acy,quincy        bro SF 20  306   44   87  20  45  22   29   8   67    7   8  11  10  36   1   130   0   0   0   1  -19
adams,steven      okl  C 39 1136  182  325   0   2  66  103 141  303   52  40  80  43 109   1   430   1   0   0  39   -3
afflalo,arron     sac SG 33  859  102  235  33  83  37   43   6   71   46  16  21   3  56   0   274   0   0   0  27  -92
ajinca,alexis     nor  C 22  375   59  123   0   3  23   33  26  110    9  15  26  11  46   0   141   1   0   0  10  -27
aldrich,cole      min  C 29  288   27   50   0   0  10   13  31   98   11  11   7  16  41   0    64   0   0   0   0   13
aldridge,lamarcu  san PF 39 1291  273  592   9  28 120  150 111  313   75  31  59  49  93   0   675   0   0   0  39   83
allen,lavoy       ind PF 30  404   34   73   0   1  17   21  49  108   33   8  15  10  37   0    85   0   0   0   1  -90
allen,tony        mem SG 33  910  135  277   8  27  37   58  71  175   47  61  43  11 100   2   315   1   0   0  31  -40
aminu,al-farouq   por SF 29  812   73  199  28  92  55   69  40  217   52  28  49  25  54   1   229   0   0   0  12  -23
andersen,chris    cle PF  4   45    2    6   0   0   2    2   2   13    1   2   2   2   6   0     6   0   0   0   0    7
anderson,alan     lac SG 14  158   19   45   9  25   9   11   0   12    5   2   3   0  16   0    56   0   0   0   0  -42
anderson,justin   phi SF 40  650   87  223  31  95  36   47  42  128   36  22  29  15  69   0   241   1   0   0   4  -70
anderson,kyle     san SF 34  499   56  110   8  19  32   43  14   96   39  31  16  14  31   0   152   0   0   0   7   62
anderson,ryan     hou PF 36 1095  190  412 127 273  78   84  54  166   28  22  35   6  70   0   585   0   0   0  36  166
antetokounmpo,gi  mil SF 40 1383  314  622  25  94 214  287  76  338  217  53 100  73 123   2   867   2   0   0  40  -96
anthony,carmelo   nyk SF 35 1181  266  638  65 189 148  172  27  170  104  24  75  14  96   1   745   4   0   0  35 -205
anthony,joel      san  C  8   61    4    6   0   0   5    8   4   21    1   0   2   4   4   0    13   0   0   0   0   20
ariza,trevor      hou SF 39 1351  153  369  92 261  39   50  21  221   74  70  41   8  72   0   437   3   0   0  39   78
artest,ron        lal PF 15   90    7   31   3  18   8   14   1   11    6   5   5   2   7   0    25   0   0   0   0  -42
arthur,darrell    den PF 21  348   47  117  27  64  11   13  17   52   27   9  22  12  39   0   132   0   0   0   6  -24
asik,omer         nor  C 15  240   12   27   0   0  13   22  24   78    5   1   6   3  26   0    37   0   0   0   9  -10
augustin,d.j.     orl PG 39  771   91  267  42 140  64   83   6   61  101  16  38   1  51   0   288   1   0   0  11 -289
babbitt,luke      mia SF 33  522   57  143  40  97   3    6   9   64   17   8  12   7  57   0   157   0   0   0  27  -40
baker,ron         nyk SG 28  411   39   99  11  38  15   23   5   44   57  12  24   5  35   0   104   0   0   0   5   -2
baldwin,wade      mem PG 13  161    9   36   1   9  15   16   3   18   18   5  17   2  16   0    34   0   0   0   1  -85
barbosa,leandro   pho SG 33  519   96  213  23  55  26   28   6   53   45  20  22   2  42   0   241   0   0   0   0  -24
barea,j.j.        dal PG 21  463   90  211  30  88  23   27   5   46  117   9  37   1  16   0   233   2   0   0   2  -50
barnes,harrison   dal SF 39 1396  304  630  40 112  98  109  39  192   59  29  49   7  72   0   746   0   0   0  39 -179
barnes,matt       gsw SF 40  914   92  257  40 138  39   48  38  198   93  28  58   7  98   0   263   3   0   0   8 -151
barton,will       den SF 28  818  148  330  37 111  69   91  35  138   99  22  52  17  57   0   402   0   0   0  12  -84
bass,brandon      lac PF 22  258   51   88   0   1  35   41  16   53    9   6  12   6  21   0   137   0   0   0   0  -78
batum,nicolas     cha SG 38 1254  178  465  64 201 114  130  20  231  209  47  93  14  56   0   534   0   0   0  38  -41
baynes,aron       det  C 37  544   46   99   0   0  40   47  50  139   15   6  22  22  83   0   132   0   0   0   1   27
bazemore,kent     atl SF 35  948  138  343  41 125  53   78  23  125   90  44  58  27  83   1   370   2   0   0  31    2
beal,bradley      was SG 38 1343  315  676 104 283 133  162  22  114  122  45  81  12  93   0   867   4   0   0  38   87
beasley,malik     den SG  9  115   18   49   5  18   5    6   3   10    8   4   3   0   7   0    46   0   0   0   1   56
beasley,michael   mil SF 28  431   97  202   8  24  39   53  23   91   27  15  33  15  35   0   241   0   0   0   4  -57
belinelli,marco   cha SG 36  894  138  313  61 142  60   69   7   93   82  22  44   1  38   0   397   0   0   0   0  -37
bembry,deandre    atl SF 22  247   34   62   1  13   6   14   9   39   24   7  15   4  17   0    75   0   0   0   1  -17
bender,dragan     pho PF 20  295   28   76  13  46   2    5   6   49   13   6  14  14  40   0    71   1   0   0   0   -9
bennett,anthony   bro PF 14  201   30   71  10  35  19   25  18   62    8   2   9   3  16   0    89   0   0   0   1  -71
bentil,ben        dal PF  1    4    0    0   0   0   0    0   0    0    0   0   0   0   1   0     0   0   0   0   0    0
bertans,davis     san SF 32  372   52  111  37  84  13   16  11   38   19   8  13  11  38   0   154   1   0   0   1   46
beverley,patrick  hou PG 31  972  102  248  45 126  33   41  43  185  128  42  42  12 106   2   282   6   0   0  31  123
biyombo,bismack   orl  C 41  913   92  169   0   0  61  112  78  293   42  12  56  41 101   0   245   2   0   0  14 -258
bjelica,nemanja   min PF 31  559   66  175  23  85  20   30  29  115   38  17  27  12  68   0   175   0   0   0   0  -47
black,tarik       lal  C 34  552   73  140   0   1  38   54  67  167   20   9  33  21  88   0   184   0   0   0  10  -69
bledsoe,eric      pho PG 32 1017  211  497  48 150 169  204  22  154  182  42  90  12  85   0   639   3   0   0  32 -149
bogdanovic,bojan  was SG 41 1021  194  437  66 187 108  120  18  140   54  19  65   3  68   0   562   0   0   0  25 -175
bogut,andrew      dal  C 13  279   23   50   0   1   0    5  28   96   22   5  23  13  44   1    46   1   0   0  11  -43
bolomboy,joel     uta PF  7   44    6   12   0   2   2    4   4   15    2   1   2   3   1   0    14   0   0   0   0   10
booker,devin      pho SG 37 1275  290  682  66 191 193  224  20  104  112  40 116  10 122   4   839   8   0   0  37 -290
booker,trevor     bro PF 33  791  125  244  10  32  38   51  55  252   65  28  58  14  63   0   298   4   0   0  20 -204
bradley,avery     bos PG 28  946  202  416  50 141  43   57  25  161   60  41  53   7  77   0   497   2   0   0  28    8
brewer,corey      lal SF 39  603   61  163  14  57  22   33  11   74   48  31  27   6  61   0   158   0   0   0   5   30
brogdon,malcolm   mil SG 38 1031  156  330  44 102  44   54  27  124  159  44  53   9  72   0   400   0   0   0  16   66
brooks,aaron      ind PG 32  449   57  146  25  60  19   24  11   34   68  15  38   4  50   0   158   3   0   0   0    7
brown,anthony     orl SF  5   58    4   17   2  12   0    0   2   13    2   1   4   1   5   0    10   0   0   0   0    3
brown,bobby       hou PG 14   90   15   39  10  24   2    2   0    3   13   1   3   0   4   0    42   0   0   0   0  -26
brown,jaylen      bos SF 39  677   98  202  24  59  44   63  28  108   32  19  37   7  68   0   264   0   0   0  11  -46
brussino,nicolas  dal SF 24  335   33   89  19  62  12   17  19   63   31   9  19   4  34   1    97   0   0   0   2  -74
bullock,reggie    det SF 16  249   27   66  16  38   4    5   5   25   16  10   6   1  10   0    74   1   0   0   2    2
burke,trey        was PG 26  321   52  112  15  33   9   12   1   13   49   6  25   1  28   0   128   0   0   0   0 -132
burks,alec        uta SG 24  336   56  132  11  39  38   48   7   57   18   8  17   2  25   0   161   0   0   0   0   -6
butler,jimmy      chi SG 35 1288  288  594  53 129 229  270  47  219  179  53  82  12  55   0   858   1   0   0  35   45
caboclo,bruno     tor SF  3   24    5   12   1   4   0    0   2    4    1   0   0   1   1   0    11   0   0   0   0   -8
calderon,jose     atl PG 23  302   31   80  11  35   7    8   8   45   43   5  27   0  14   0    80   0   0   0   9 -116
caldwell-pope,ke  det SG 38 1246  175  465  70 210  79   94  27  120   81  42  48   5  58   0   499   2   0   0  38 -182
canaan,isaiah     chi PG 22  354   36   95  16  52  20   22   1   28   22  15  14   1  23   0   108   0   0   0   0  -78
capela,clint      hou  C 33  767  171  283   0   0  45   79  87  247   22  17  50  37  91   0   387   0   0   0  29   -6
carroll,demarre   tor SF 35  881  102  253  43 139  41   53  32  125   28  46  26  11  64   0   288   1   0   0  35  -69
carter,vince      mem SG 38  966  110  274  60 157  39   54  18  103   68  30  23  17  83   1   319   1   0   0   7   51
carter-williams,  chi PG 22  403   60  156   7  30  36   48  12   78   54  17  37  11  46   1   163   1   0   0   9  -19
casspi,omri       min SF 22  414   47  108   9  28   8   11  19   70   23  17  18   3  31   0   111   0   0   0   2  -98
cauley-stein,wil  sac  C 39  744  128  237   0   2  46   74  51  175   41  30  36  28  83   1   302   0   0   0  10 -157
chandler,tyson    pho  C 22  589   64   98   0   0  49   63  62  227   13  18  30   9  55   1   177   2   0   0  22  -67
chandler,wilson   den SF 36 1089  211  462  55 160  80  108  49  212   48  24  59  18  93   2   557   0   0   0  14 -111
chriss,marquese   pho PF 41  842  131  303  29 102  58   97  49  170   26  28  69  30 129   1   349   5   0   0  37 -293
christmas,rakeem  ind PF 16  142   10   22   0   0  11   14  17   35    4   1   7   3  26   0    31   0   0   0   0    3
christon,semaj    okl PG 29  465   34  107   4  32   6   12   8   45   61  11  23   2  40   0    78   0   0   0   1 -136
clark,ian         gsw SG 37  527   99  196  26  64  22   27   6   51   31  16  27   3  37   0   246   0   0   0   0   25
clarkson,jordan   lal PG 41 1178  240  548  63 188  51   67  19  116   93  37  80   4  77   0   594   0   0   0   7 -338
cole,norris       okl PG  8   86   10   33   3  10   5    6   0    8    9   5   5   0  14   0    28   0   0   0   0   -5
collison,darren   sac PG 32  942  141  319  29  76  68   76  13   77  137  23  62   6  54   0   379   0   0   0  31  -91
collison,nick     okl PF  8   61    5    7   0   0   1    1   2   14    6   2   0   1   5   0    11   1   0   0   0  -21
conley,mike       mem PG 36 1218  254  536  89 220 171  199  19  146  231  40  86   6  67   0   768   0   0   0  36   80
connaughton,pat   por SG 17  111   10   19   3   7   5    6   4   24    8   1   4   1  11   0    28   0   0   0   0    9
cook,quinn        na  PG  6  119   22   42   7  14   2    3   1    4   16   3   8   0   8   0    53   0   0   0   0  -14
cousins,demarcus  nor  C 36 1188  319  711  61 162 246  329  70  367  141  37 117  46 133   5   945   7   0   0  36  -71
covington,robert  phi SF 33 1041  148  375  67 203  79   95  49  213   48  62  60  36 104   2   442   0   0   0  33 -141
crabbe,allen      por SG 41 1156  136  320  54 146  58   69  12  114   51  29  37   8  84   0   384   0   0   0   4  -93
crawford,jamal    lac SG 41 1099  189  453  66 167  82  105   8   71  105  33  64   7  58   0   526   1   0   0   0  -19
crawford,jordan   nor SG 10  244   63  132  20  51   8   10   1   19   39  10  15   1  13   0   154   0   0   0   0    4
crowder,jae       bos SF 35 1137  154  329  73 181  91  115  20  208   74  29  42   8  88   2   472   3   0   0  35  112
cunningham,dante  nor PF 33  799   82  175  34  90   8   13  28  129   14  18  16  13  45   0   206   2   0   0  17  -35
curry,seth        dal SG 35 1002  169  342  73 169  38   48  12   87   92  45  46   5  66   1   449   0   0   0  20  -51
curry,stephen     gsw PG 39 1324  323  736 141 396 164  184  39  176  260  68 115   7 103   0   951   3   0   0  39  334
daniels,troy      mem SG 34  605   93  249  75 192  20   24   8   48   24  13  21   0  42   1   281   0   0   0   1   57
davis,anthony     nor PF 35 1261  371  738  19  57 223  287  81  393   68  38  76  76  76   0   984   0   0   0  35  -94
davis,deyonta     mem PF 14  100   13   23   0   0   4   11   9   25    0   2   5   8  16   0    30   0   0   0   0    0
davis,ed          por PF 26  419   39   76   0   0  31   46  51  133   14  10  20  11  73   0   109   1   0   0   8 -143
dedmon,dewayne    san  C 36  678   79  129   0   0  33   49  75  258   23  17  27  36  80   1   191   1   0   0  19  105
dekker,sam        hou SF 39  737  106  218  31  93  13   29  48  151   41  24  25  11  44   0   256   0   0   0   2    0
delaney,malcolm   atl PG 36  630   63  184  13  54  41   51   3   64   99  21  47   1  57   0   180   0   0   0   1  -53
dellavedova,matt  mil PG 37  959   87  250  42 109  33   41  12   74  174  27  61   1  69   0   249   1   0   0  25 -175
deng,luol         lal SF 31  796   94  242  29  95  29   36  30  156   38  29  23  15  30   0   246   1   0   0  26 -201
derozan,demar     tor SG 36 1286  344  746  15  64 244  300  36  190  149  44  83   4  73   0   947   6   0   0  36  -58
diallo,cheick     nor PF 11  178   35   67   0   1  15   21  19   65    3   3   7   6  16   0    85   0   0   0   0  -45
diaw,boris        uta  C 34  611   87  164  14  40  10   13  23   72   72   9  39   4  38   0   198   1   0   0  11   25
dieng,gorgui      min  C 41 1290  171  336   8  26  74   90  94  331   82  40  55  58 127   1   424   1   0   0  41 -158
dinwiddie,spence  bro PG 31  682   68  145  20  47  67   85  10   79   90  23  37  10  72   0   223   0   0   0   8  -90
douglas,toney     mem PG 11  163   14   45   1  18   8   11   8   27   25   8  10   2  24   0    37   0   0   0   0   10
dragic,goran      mia PG 37 1252  270  582  47 142 131  161  32  136  213  43 116   8 100   0   718   4   0   0  37  -91
drummond,andre    det  C 41 1214  239  446   2   4  69  163 176  562   48  53  83  45 123   0   549   1   0   0  41 -315
dudley,jared      pho SF 32  715   79  168  34  94  30   46  16  107   81  22  34   6  85   1   222   0   0   0   4  -26
dunleavy,mike     atl SF 24  365   37   99  23  62  17   21   9   52   19   7  15   0  25   0   114   0   0   0   1  -87
dunn,kris         min PG 40  700   60  163  10  36  18   28  12   80   97  35  41  19 103   1   148   1   0   0   4 -117
durant,kevin      gsw SF 31 1029  267  522  49 152 193  221  17  236  144  40  67  43  67   0   776   6   0   0  31  238
eddie,jarell      pho SG  5   62    6   19   4  16   8    9   1    7    0   1   1   0   1   0    24   0   0   0   0   -5
ellenson,henry    det PF 11  110   18   52   7  28   4    8   8   34    6   1  12   1   5   0    47   0   0   0   1    7
ellington,wayne   mia SG 32  776  123  290  75 195  26   32  11   61   41  15  17   4  32   0   347   0   0   0   8  -38
ellis,monta       ind SG 36  977  108  271  12  55  44   60  14   98  122  39  81   3  76   0   272   0   0   0  15 -135
embiid,joel       phi  C  9  235   54  114   5  29  64   77  20   73   19  10  38  23  38   2   177   1   0   0   9   30
ennis,james       mem SF 35  775   77  164  29  70  44   55  34  136   39  25  31  10  93   1   227   0   0   0  14    3
ennis,tyler       lal PG 22  269   41   89  11  28   9   10   7   22   42   7  22   1  29   0   102   0   0   0   2  -20
evans,tyreke      sac SG 18  384   71  176  15  50  32   43   5   61   57  21  32   3  26   0   189   0   0   0   3 -101
exum,dante        uta PG 33  603   70  167  19  68  31   40  22   67   51   7  48   9  79   0   190   0   0   0  13  -14
faried,kenneth    den PF 32  653  101  205   0   4  71   96  90  236   26  18  27  18  63   0   273   2   0   0  18  -52
farmar,jordan     sac PG  2   36    4   12   4   9   0    0   1    3    9   2   3   0   1   0    12   0   0   0   0   -1
favors,derrick    uta PF 25  615  116  218   2   8  29   47  46  149   29  19  26  25  51   0   263   0   0   0  22   -3
felder,kay        cle PG 21  205   33   82   4  13  23   30   1   22   33  11  12   1  16   0    93   0   0   0   0   -8
felicio,cristian  chi PF 33  472   62  119   0   0  33   52  57  136   14  10  15  10  46   0   157   1   0   0   0  -69
felton,raymond    lac PG 41  852  111  267  33  83  20   25  22  120  101  23  41   7  69   0   275   0   0   0   5 -125
ferrell,yogi      dal PG 23  589   77  192  37  94  39   53  10   53   92  20  38   7  45   0   230   0   0   0  14 -117
finney-smith,dor  dal SF 39  795   57  165  25  91  19   26  27  107   27  24  20  10  72   0   158   0   0   0  21 -205
forbes,bryn       san SG 16  109   19   45   9  25   3    3   1   11   11   0   5   0  10   0    50   0   0   0   0  -20
fournier,evan     orl SG 34 1088  209  456  60 174  88  108  14   78   89  32  73   4  86   0   566   1   0   0  33 -194
foye,randy        bro SG 36  688   70  188  42 121  30   35   4   80   78  21  40   2  51   0   212   1   0   0  21  -84
frazier,tim       nor PG 32  727   68  196  24  62  54   70  16   82  156  26  53   4  66   0   214   1   0   0  16  -56
frye,channing     cle PF 37  715  116  251  68 167  31   35  20  151   24  21  30  19  79   0   331   0   0   0   8    2
gallinari,danilo  den SF 31 1069  167  375  66 167 168  185  24  168   69  26  39   8  39   0   568   2   0   0  31  -21
galloway,langsto  sac SG 36  734   96  258  52 133  25   34  12   71   54  21  20   5  46   0   269   0   0   0   1  -47
garino,patricio   orl SG  2   16    0    2   0   1   0    0   1    5    0   0   1   0   1   0     0   0   0   0   0  -15
gasol,marc        mem  C 35 1228  265  548  49 128 114  136  30  199  189  30  78  39  81   1   693   1   0   0  35  -29
gasol,pau         san  C 28  750  138  270  24  43  54   74  42  225   59   8  35  30  60   0   354   1   0   0  19   93
gay,rudy          sac SF 12  420   95  194  21  50  45   55  15   77   37  20  35   7  31   0   256   0   0   0  12   46
gbinije,michael   det SG  3    8    1    6   0   3   2    2   1    1    0   0   0   0   1   0     4   0   0   0   0    3
gee,alonzo        den SG  5   33    1    3   0   0   0    0   1    5    1   1   2   1   7   0     2   0   0   0   0    2
george,paul       ind SF 39 1394  318  702 102 257 160  180  31  242  133  55 117  15 113   1   898   7   0   0  39 -190
georges-hunt,mar  orl SG  2   16    0    3   0   1   2    2   0    2    2   0   0   0   2   0     2   0   0   0   0  -15
gibson,jonathan   dal PG  6  109   18   48   9  23  10   14   1   11   14   5  10   0  11   0    55   0   0   0   0  -24
gibson,taj        okl PF 40 1039  188  367   3   9  61   83  89  255   36  25  63  31  82   1   440   8   0   0  37  -55
ginobili,manu     san SG 33  622   78  214  40 109  30   37  12   66   84  35  40   8  59   0   226   0   0   0   0  158
gobert,rudy       uta  C 40 1365  204  328   0   1 147  229 179  545   59  24  85 112 132   4   555   4   0   0  40  179
goodwin,archie    bro SG  7  111   20   32   1   5  14   19   4   16   12   2  10   2   4   0    55   0   0   0   0  -31
gordon,aaron      orl PF 40 1114  195  422  42 135  77  109  48  191   66  35  49  17  84   0   509   0   0   0  37 -139
gordon,eric       hou SG 36 1124  195  489 104 309  77   92  12   97   95  25  50  20  79   0   571   0   0   0  10   22
gortat,marcin     was  C 41 1237  193  332   0   1  53   83 112  410   68  18  58  21 105   1   439   0   0   0  41    6
graham,treveon    cha SG 14  104   12   25   5   8   7    9   2   10    3   6   2   1   5   0    36   0   0   0   0  -22
grant,jerami      okl SF 39  834   65  171  17  61  46   76  21  112   28  19  22  43  81   0   193   0   0   0   4 -150
grant,jerian      chi PG 31  567   72  158  30  69  43   47   6   66   70  28  29   4  44   0   217   0   0   0  16   48
green,danny       san SG 36  987   98  242  63 165  12   13  17  126   62  34  35  28  64   0   271   2   0   0  36   44
green,draymond    gsw PF 37 1246  138  318  43 137  64   96  47  280  246  89  90  43 116   0   383   5   0   0  37  282
green,gerald      bos SF 23  283   49  121  20  58  13   18   7   38   10   6  15   5  23   0   131   0   0   0   0    5
green,jamychal    mem PF 39 1062  126  259  30  80  70   89  73  269   39  25  40  17 116   2   352   2   0   0  39  -61
green,jeff        orl SF 35  777  123  290  28  97  73   85  22  118   41  22  40   5  50   0   347   0   0   0   4 -124
griffin,blake     lac PF 32 1096  242  510  17  51 160  212  50  247  160  26  81  12  75   0   661   3   0   0  32  115
hamilton,justin   bro PF 31  622   98  204  33  94  23   30  37  140   29  21  19  14  50   0   252   0   0   0   6 -108
hammons,a.j.      dal  C 10   90   15   28   4   8   8   12   4   17    0   1   7   7  12   0    42   0   0   0   0   13
hardaway,tim      atl SG 38 1056  203  438  78 212  72   92  14  103   85  23  51  11  51   0   556   0   0   0  16   17
harden,james      hou SG 40 1455  324  749 120 357 356  415  46  318  454  59 250  19 119   0  1124   2   0   0  40  118
harkless,maurice  por SF 40 1144  146  307  39 107  33   57  63  171   48  43  47  34 112   3   364   1   0   0  36  -66
harrell,montrezl  hou PF 30  545  120  181   0   5  35   60  46  117   24   8  24  20  71   1   275   5   0   0   7    6
harris,devin      dal PG 30  480   51  141  18  64  40   48   5   45   54  18  21   5  49   0   160   4   0   0   0  -79
harris,gary       den SG 25  804  149  289  44 115  41   55  28   98   65  38  35   3  45   0   383   0   0   0  24  -30
harris,joe        bro SG 23  523   72  169  42 105  16   23   8   78   27  13  26   8  63   1   202   0   0   0   4 -147
harris,manny      dal PG  2   19    2   10   0   1   2    4   2    8    2   0   1   0   1   0     6   0   0   0   0  -14
harris,tobias     det SF 41 1292  253  541  47 149  99  119  33  192   62  35  46  22  67   0   652   3   0   0  28 -175
harrison,aaron    cha SG  1    4    0    1   0   0   1    2   0    0    1   0   0   0   0   0     1   0   0   0   0   -3
harrison,andrew   mem PG 35  737   67  173  27  74  70   95  11   69   88  30  43   9 101   0   231   1   0   0   6  -58
haslem,udonis     mia PF  8   74    7   11   0   1   6   11   5   20    5   3   6   1  12   0    20   0   0   0   0  -31
hawes,spencer     mil  C 27  424   74  144  12  45  24   28  18   89   48   4  28  16  45   1   184   0   0   0   1 -119
hayward,gordon    uta SF 37 1267  269  599  78 196 181  214  34  205  130  33  82   9  67   0   797   0   0   0  37  116
henderson,gerald  phi SG 35  778  115  264  24  78  41   56  16   79   59  18  34   7  55   0   295   4   0   0  18 -203
henson,john       mil PF 30  569   89  170   0   0  33   46  47  147   25  10  34  41  83   1   211   2   0   0  21   -3
hernangomez,juan  den PF 31  425   49  115  22  61  30   39  23   90   13  13  12   7  35   0   150   0   0   0   4  -23
hernangomez,will  nyk  C 35  652  123  242   1   8  44   61  90  279   42  20  44  26  76   1   291   0   0   0  11  -66
hezonja,mario     orl SG 33  465   56  173  26  78  20   24  11   59   31  16  32   7  35   0   158   0   0   0   1 -229
hibbert,roy       den  C 23  350   39   69   0   0  30   34  30   88   10   4  17  24  57   0   108   0   0   0   8  -35
hield,buddy       sac SG 39  906  165  365  77 176  29   34  17  146   63  21  52   6  62   0   436   0   0   0  27 -108
hilario,nene      hou  C 31  587  118  192   2   3  49   86  40  135   32  23  43  20  91   0   287   3   0   0   4  120
hill,george       uta PG 23  753  139  296  40 115  78   92  11   75  102  26  42   7  50   1   396   0   0   0  23   62
hill,jordan       min PF  4   32    3    9   0   0   2    2   5   10    0   1   2   0   5   0     8   0   0   0   0   17
hill,solomon      nor SF 39 1154   92  236  43 134  43   53  21  157   58  37  42  13  84   0   270   1   0   0  36 -105
hilliard,darrun   det SG 19  223   26   72  11  33  12   18   1   16   20   4  12   2  25   0    75   0   0   0   0   29
holiday,jrue      nor PG 34 1095  188  433  46 141  61   85  28  140  248  48 105  17  69   0   483   1   0   0  31  -54
holiday,justin    nyk SG 41  829  108  266  46 137  37   47  12  111   56  41  31  17  59   0   299   0   0   0   1  -69
hollis-jefferson  bro SG 39  876  131  291   7  37 102  137  45  223   70  42  59  20  83   1   371   0   0   0  25 -175
holmes,richaun    phi PF 31  647  118  218  13  41  39   63  41  168   27  22  30  23  78   1   288   0   0   0   9 -175
hood,rodney       uta SG 32  901  139  368  53 158  57   71   7  111   56  22  27   7  71   0   388   1   0   0  31    0
horford,al        bos  C 33 1067  185  394  36 110  42   50  37  203  144  22  46  40  64   0   448   1   0   0  33   75
howard,dwight     atl  C 35 1049  186  313   0   2 108  196 138  470   45  26  76  43  87   1   480   5   0   0  35    1
huertas,marcelo   lal PG 15  176   17   52   2  14   9   17   2   21   37  10  15   1  11   0    45   0   0   0   1  -43
humphries,kris    atl PF 30  387   50  123  11  33  33   48  30  117   16   8  16  13  39   0   144   0   0   0   4  -60
hunter,r.j.       chi SG  3   10    0    1   0   1   0    0   0    1    0   0   0   0   0   0     0   0   0   0   0  -10
ibaka,serge       tor PF 41 1276  247  514  62 172  63   71  63  266   43  20  54  58 103   1   619   1   0   0  41 -116
iguodala,andre    gsw SF 36  983  106  210  37  98  37   50  31  168  117  43  26  14  40   0   286   2   0   0   0  196
ilyasova,ersan    atl PF 40 1060  198  471  68 203  77   96  59  242   80  31  63  14 106   1   541   1   0   0  29  -50
ingles,joe        uta SF 41  958   92  220  51 130  21   29  16  133  115  45  44   4  83   0   256   0   0   0  10    3
ingram,brandon    lal SF 40 1131  133  334  27  94  60  100  31  156   90  22  64  18  85   0   353   0   0   0  21 -293
irving,kyrie      cle PG 35 1250  329  735  96 245 160  172  25  103  175  37 101   9  89   0   914   1   0   0  35  -17
jack,jarrett      nor PG  1   25    2    3   0   1   2    2   0    0    4   1   2   0   4   0     6   0   0   0   0   -7
jackson,demetriu  bos PG  2    6    1    1   0   0   0    2   0    1    1   0   0   0   0   0     2   0   0   0   0   -2
jackson,pierre    dal PG  2   25    5   14   1   2   1    1   1    3    9   1   0   0   2   0    12   0   0   0   1   20
jackson,reggie    det PG 24  647  124  307  28  86  48   57   9   53   95  16  52   3  66   1   324   1   0   0  22 -216
james,lebron      cle SF 35 1353  350  658  69 181 178  253  48  294  301  38 155  19  70   2   947   3   0   0  35   91
jefferson,al      ind  C 32  470  106  221   0   1  44   60  41  140   31  10  18   6  64   0   256   0   0   0   0  -48
jefferson,richar  cle SF 40  774   71  161  35  93  35   51  15   94   31  13  28   7  86   3   212   2   0   0   7  -25
jenkins,john      pho SG  2    8    1    3   0   0   2    2   0    1    1   0   0   0   0   0     4   0   0   0   0    9
jennings,brandon  was PG 43 1015  108  323  40 139  79  105  19  110  212  43  66   4  69   0   335   6   0   0   9  -51
jerebko,jonas     bos PF 40  612   55  139  24  74  13   17  31  125   25  11  19   7  67   0   147   1   0   0   3   40
johnson,amir      bos PF 40  797  100  178  12  34  29   43  54  180   72  21  38  25 116   1   241   0   0   0  39   22
johnson,brice     lac ??  2    7    1    4   0   0   0    0   1    3    1   1   1   1   0   0     2   0   0   0   0   11
johnson,james     mia PF 36 1009  188  389  46 124  87  118  43  183  125  39  93  44  99   2   509   4   0   0   3   -6
johnson,joe       uta SF 40  952  151  338  54 136  28   32  16  119   70  26  29   9  49   0   384   0   0   0   9  -23
johnson,stanley   det SF 38  711   75  200  26  85  18   25  13   92   52  19  28  11  55   0   194   0   0   0   1  -93
johnson,tyler     mia SG 37 1112  182  437  45 134  95  120  32  171  122  46  36  22  94   0   504   1   0   0   0  -21
johnson,wesley    lac SF 36  433   40  108  10  55   4    6  16  100   11  14   8  16  43   0    94   0   0   0   2   -9
jokic,nikola      den  C 36 1040  247  436  24  75  99  118 114  362  158  26  80  27 101   0   617   1   0   0  29   80
jones,damian      gsw  C  6   52    4   11   0   0   0    4   5   10    0   1   4   1   9   0     8   0   0   0   0  -11
jones,derrick     pho SF 15  279   27   60   2   7  13   22  18   41    9   6   9   2  33   1    69   1   0   0   6  -24
jones,james       cle SG 22  172   21   36  15  25   5    7   0   16    4   6   3   5  18   0    62   0   0   0   1  -46
jones,terrence    mil PF 26  618  105  224  11  36  47   82  29  131   27  16  26  23  37   0   268   1   0   0   7  -37
jones,tyus        min PG 30  428   39  103  12  38  20   24   6   41   87  28  20   2  21   0   110   0   0   0   0   57
jordan,deandre    lac  C 40 1275  190  275   0   2 100  201 146  543   60  14  60  64 113   0   480   6   0   0  40   43
joseph,cory       tor PG 39  975  141  325  25  74  49   62  21  115  112  33  53   6  67   0   356   1   0   0  11  -43
kaminsky,frank    cha PF 37  977  164  396  63 185  62   74  22  157   67  23  44  10  75   2   453   0   0   0   9  -40
kanter,enes       okl  C 37  821  209  400   3  22 125  161 117  261   36  16  62  13  82   0   546   1   0   0   0  -46
kelly,ryan        atl PF  9   81    6   22   4   9   3    4   1   15    6   3   4   4   2   0    19   0   0   0   0  -15
kidd-gilchrist,m  cha SF 41 1185  139  315   1   8  73   90  76  292   59  43  32  31  93   2   352   0   0   0  41 -103
kilpatrick,sean   bro SG 34  832  137  338  45 139 102  125   9  109   82  27  55   2  57   0   421   0   0   0  15 -128
knight,brandon    pho PG 29  648  135  305  29  80  63   72  12   62   77  13  52   2  53   0   362   0   0   0   4 -190
korver,kyle       cle SF 34  886  106  239  73 165  15   17   5   93   55  16  35   8  63   0   300   0   0   0  12 -101
koufos,kosta      sac  C 36  723  114  200   0   1  22   38  60  208   22  13  29  24  90   0   250   1   0   0  35 -103
kuzminskas,minda  nyk SF 34  475   76  181  26  81  30   34  23   68   33  12  29   5  40   0   208   0   0   0   3  -40
labissiere,skal   sac PF 17  322   64  124   2   5  27   36  26   78   14   5  24   5  29   1   157   0   0   0   5  -52
lamb,jeremy       cha SG 33  627  120  272  16  77  63   73  20  146   37  14  19  10  62   0   319   0   0   0   3  -37
laprovittola,nic  san PG  9   78    9   22   4  13   4    4   0    2   11   1  10   0  13   0    26   0   0   0   2  -16
lauvergne,joffre  chi  C 36  524   77  175  17  46  26   39  38  128   37  10  29   3  39   0   197   0   0   0   0 -128
lavine,zach       min SG 24  883  171  371  55 147  50   59   8   75   68  21  37   4  51   0   447   0   0   0  24 -152
lawson,ty         sac PG 34  830  102  247  16  54  84  112  21   77  165  39  56   5  45   0   304   0   0   0  10 -174
layman,jake       por SF 18  122   11   40   5  25  12   15   2   12    3   2   4   1  16   0    39   0   0   0   0   17
lee,courtney      nyk SG 38 1226  161  355  51 128  54   60  28  139   89  28  33  10  76   1   427   1   0   0  37 -147
lee,david         san PF 40  727  118  212   0   0  40   55  77  230   58  14  49  22  74   0   276   0   0   0   4  135
len,alex          pho  C 40  830  121  248   3   8  76  111  84  265   27  19  52  46 131   4   321   3   0   0  18 -278
leonard,kawhi     san SF 37 1232  319  660  59 191 250  283  43  205  130  67  83  19  66   0   947   0   0   0  37  219
leonard,meyers    por  C 39  581   73  183  36  99  19   21  15  112   30   6  21  13  82   1   201   2   0   0   4  -88
leuer,jon         det PF 36  919  163  318  22  81  53   62  57  204   47  17  37  10  61   0   401   0   0   0  14 -103
levert,caris      bro SG 29  634   88  193  28  87  27   36  16   99   58  27  32   6  38   0   231   0   0   0  15  -60
liggins,deandre   na  SG 27  420   32   77  10  27  12   18  15   55   23  29  24   4  44   0    86   1   0   0  10   33
lillard,damian    por PG 38 1338  336  755 113 288 245  270  24  178  209  33  91  13  84   0  1030   2   0   0  38  -63
lin,jeremy        bro PG 22  534  114  251  39 102  74   91   6   76  102  22  52   8  55   0   341   0   0   0  19  -64
livingston,shaun  gsw PG 36  640   69  139   1   1  26   33  12   73   70  22  39  12  64   0   165   0   0   0   2   37
long,shawn        phi PF 10  151   37   66   4  11  13   20  26   52    6   9  10   5  36   0    91   0   0   0   0   17
looney,kevon      gsw SF 26  227   27   51   1   2  11   14  25   63   17   4   9  11  39   0    66   0   0   0   3  -20
lopez,brook       bro  C 35 1003  228  509  51 161 133  164  46  183   89  16  83  65  97   1   640   0   0   0  35 -146
lopez,robin       chi  C 41 1153  206  394   0   2  41   61 121  257   45  11  46  59  78   0   453   4   0   0  41   25
love,kevin        cle PF 30  972  172  431  69 192 128  144  80  347   54  21  59  10  63   2   541   0   0   0  30   31
lowry,kyle        tor PG 30 1120  220  481  95 255 154  179  25  152  208  47  86   8  88   1   689   4   0   0  30   74
lucas,john        min PG  3    8    1    4   0   1   0    0   0    0    1   2   0   0   0   0     2   0   0   0   0    3
luwawu-cabarrot,  phi SG 37  677   83  200  29  87  54   67  12   78   38  14  46   6  89   1   249   0   0   0  12  -25
lyles,trey        uta PF 33  518   75  184  33  85  21   33  18   97   29  10  31   9  46   1   204   0   0   0   2  -41
mack,shelvin      uta PG 28  600   89  196  15  54  16   29   8   62   79  22  48   1  53   0   209   0   0   0   6  -15
mahinmi,ian       was  C 18  321   36   61   0   0  19   43  23   92   16  19  21  12  52   2    91   1   0   0   0   42
maker,thon        mil PF 34  335   44   95  17  41  24   38  25   69   14   9  10  20  51   0   129   0   0   0  18   -2
marjanovic,boban  det  C 20  195   51   90   0   0  35   41  26   81    6   4   3   6  19   0   137   0   0   0   0   23
martin,jarell     mem PF 19  244   23   64   4  13  13   19  15   65    3   9  14   2  43   0    63   0   0   0   2  -68
matthews,wesley   dal SG 35 1226  156  417  78 237  70   90  10  124  112  35  49   6  75   1   460   6   0   0  35 -236
mbah_a_moute,luc  lac SF 39  861   87  184  21  57  27   40  25   82   16  45  20  16  62   0   222   0   0   0  36    7
mcadoo,james      gsw PF 27  240   34   61   0   0  16   25  17   50   11   9   9  18  29   0    84   0   0   0   1  -13
mccaw,patrick     gsw PG 35  579   64  134  28  69  13   16  10   54   38  19  16   5  31   0   169   0   0   0  10 -123
mcclellan,sheldo  was SG 17  203   25   54   6  22  19   22   2   28    6   6   3   2  14   0    75   0   0   0   2  -31
mccollum,c.j.     por SG 41 1414  350  732  86 212 148  163  29  150  124  36  96  23 112   1   934   2   0   0  41 -184
mcconnell,t.j.    phi PG 40 1137  128  279   8  34  36   43  17  138  289  76  82   4  72   0   300   0   0   0  29 -172
mccullough,chris  was PF  9   51   14   24   1   4   2    3   8   14    2   2   2   2   5   0    31   0   0   0   0   41
mcdaniels,k.j.    bro SG 28  314   48  103  13  40  26   31   8   44    7  10  15  13  29   0   135   0   0   0   0  -30
mcdermott,doug    okl SF 30  691   95  216  40 100  39   49   8   81   24   5  20   3  43   0   269   1   0   0   3 -115
mcgee,javale      gsw  C 37  352   88  137   0   0  27   51  38   99    9  11  19  30  60   0   203   0   0   0   6   90
mcgruder,rodney   mia SG 40 1020   97  238  39 114  24   35  53  145   62  32  28   9  74   0   257   0   0   0  32   12
mclemore,ben      sac SG 26  540   71  181  19  68  24   36   8   56   29  15  30   2  50   0   185   0   0   0  11  -50
mcrae,jordan      cle SG 13  185   33   76  12  29  11   13   4   16    5   0   5   2  11   0    89   0   0   0   2   17
mcroberts,josh    mia PF 11  209   22   70   5  16   3    5  12   42   27   8  15   3  15   0    52   1   0   0   7  -38
meeks,jodie       orl SG 19  405   58  138  34  79  42   45   4   46   31  21  27   3  21   0   192   0   0   0   5  -50
mejri,salah       dal  C 35  472   43   59   1   1  23   40  45  139    6  17  19  28  83   0   110   2   0   0   6 -119
mickey,jordan     bos PF 13   64    5   15   0   0   3    6   8   20    4   1   4   2   8   0    13   0   0   0   0  -36
middleton,khris   mil SG 13  411   72  156  19  41  37   42   5   51   46  19  32   5  37   1   200   0   0   0  12   57
miles,c.j.        ind SF 39  927  147  342  92 217  47   53  18  135   27  21  20  10  75   0   433   0   0   0  14   -6
miller,mike       den SG  8   94    4   13   3  10   0    0   2   22   17   2   9   0   5   0    11   0   0   0   0   17
mills,patty       san PG 40  863  144  323  83 192  26   33  10   64  120  34  51   1  54   0   397   0   0   0   2  248
millsap,elijah    pho SG  1   11    1    2   0   0   1    2   3    4    0   0   1   0   0   0     3   0   0   0   0    0
millsap,paul      atl PF 32 1055  180  440  33 114 139  181  44  237  105  45  71  29  90   0   532   5   0   0  31   26
mirotic,nikola    chi PF 34  796  119  307  62 194  45   65  24  185   34  23  35  26  53   0   345   1   0   0   8   21
monroe,greg       mil  C 40  841  188  339   0   3  75  106  74  233   84  37  83  15  84   0   451   3   0   0   0  -31
moore,e'twaun     nor SG 35  878  145  304  40  98  24   34  15   62   70  21  34  14  68   0   354   0   0   0  13 -186
morris,marcus     det PF 38 1236  193  475  49 167  58   74  31  151   70  28  44  15  80   1   493   1   0   0  38 -245
morris,markieff   was PF 37 1195  205  442  34  93  87  103  60  247   57  33  63  22 120   0   531   6   0   0  37   26
morrow,anthony    chi SG 24  366   45  121  19  63  22   24   6   15   11  13   3   2  20   0   131   2   0   0   4  -64
motiejunas,donat  nor PF 19  315   32   90   4  28  17   31  18   63   25  15  17   5  32   0    85   0   0   0   0  -79
mozgov,timofey    lal  C 27  529   71  154   0   1  28   35  57  147   19   5  44  17  78   1   170   2   0   0  27 -154
mudiay,emmanuel   den PG 26  672   89  268  23  83  74   92  11   82   76  22  68   6  51   0   275   0   0   0  20 -178
muhammad,shabazz  min SF 40  763  155  314  23  75  81  107  46  108   19  13  25   3  44   0   414   0   0   0   0  -64
murray,dejounte   san PG 15  159   24   59   1   5   5   10   5   27   24   3  19   3  12   0    54   0   0   0   5  -27
murray,jamal      den SG 41  925  150  373  60 187  51   56  19  116   92  22  62  12  57   0   411   1   0   0   7   74
muscala,mike      atl PF 38  654  100  183  30  64  16   22  34  117   51  15  27  24  46   0   246   0   0   0   2  -66
nance,larry       lal PF 35  786  105  204   5  19  26   34  72  212   50  49  32  24  90   0   241   0   0   0   3 -146
napier,shabazz    por PG 26  277   39  101  16  57  14   18   3   39   42  18  20   2  11   0   108   0   0   0   0   40
ndour,maurice     nyk SF 13  122   19   34   1   2   9   12   7   24    3   7   5   3  16   0    48   0   0   0   1    3
neal,gary         atl PG  1   13    0    4   0   1   4    4   0    1    1   0   0   0   1   0     4   0   0   0   0    4
nelson,jameer     den PG 36 1010  133  311  53 140  23   34  16   99  184  33  72   4 104   0   342   2   0   0  18   17
neto,raul         uta PG 18  172   19   50   3  14   4    4   1   14   22  12   5   5  24   0    45   0   0   0   0   64
niang,georges     ind SF 12   49    5   15   0   4   0    0   2   10    2   2   5   0   2   0    10   0   0   0   0   15
nicholson,andrew  bro PF 15  184   25   61   4  18   3    4  10   39    4   7   8   5  29   0    57   1   0   0   0  -91
noah,joakim       nyk  C 25  549   56  114   0   1  18   36  81  215   54  18  34  18  66   2   130   4   0   0  25 -131
noel,nerlens      dal PF 28  544   95  166   0   0  43   56  39  143   26  36  25  25  70   0   233   1   0   0  11  -88
nogueira,lucas    tor  C 24  502   38   66   2   9  18   28  28  101   16  17  26  34  69   0    96   0   0   0   2   62
novak,steve       mil SF  5   14    2    4   1   3   0    0   0    2    0   0   0   0   1   0     5   0   0   0   0    3
nowitzki,dirk     dal PF 25  678  141  335  45 115  49   59  10  155   39  14  24  16  55   0   376   0   0   0  25  -81
nurkic,jusuf      por  C 34  760  148  306   0   1  54  101  85  255   59  29  77  39  94   0   350   0   0   0  28  -69
nwaba,david       lal PG  8  178   19   39   0   3  12   20   6   28   10   5   4   3  16   0    50   0   0   0   1   -4
o'bryant,johnny   cha PF  5   41   13   19   2   3   0    0   4   10    2   0   2   0   6   0    28   0   0   0   0  -23
o'quinn,kyle      nyk PF 39  556   89  181   0   8  18   31  72  203   54  20  34  41  87   1   196   0   0   0   2  -75
ochefu,daniel     was PF  8   44    7   15   0   0   0    2   3    9    2   1   0   0   4   0    14   0   0   0   0  -18
okafor,jahlil     phi  C 25  598  135  263   0   0  55   86  40  119   32  13  45  23  55   0   325   1   0   0  20 -172
oladipo,victor    okl SG 32 1059  190  452  54 169  51   68  25  139   77  40  51  16  78   0   485   0   0   0  32  -69
olynyk,kelly      bos  C 38  807  136  274  36 114  52   71  31  184   69  25  47  16 112   2   360   0   0   0   3   30
onuaku,arinze     orl PF  6   19    2    2   0   0   0    0   2    3    2   0   2   1   2   0     4   0   0   0   0  -12
onuaku,chinanu    hou PF  3   34    2    3   0   0   2    2   1    7    1   1   2   0   5   0     6   0   0   0   1  -32
oubre,kelly       was SF 41  836   92  231  24  93  38   53  38  131   23  29  24  12  97   0   246   3   0   0   3  -91
pachulia,zaza     gsw  C 33  610   88  154   0   0  52   69  79  203   63  29  45  11  82   1   228   1   0   0  33  153
papagiannis,geor  sac  C 11  219   34   60   0   2   8    8  17   57   13   2  13  12  31   0    76   0   0   0   0  -13
parker,jabari     mil PF 25  829  185  370  24  76  71   90  35  163   70  18  49   9  60   0   465   0   0   0  24  -95
parker,tony       san PG 32  828  124  273  13  39  52   61   6   48  138  16  43   2  42   0   313   0   0   0  32   43
parsons,chandler  mem SF 21  411   46  135  13  58  21   25   4   59   24   8  14   2  31   0   126   0   0   0  21  -60
patterson,lamar   atl SG  2   22    3    9   1   4   0    1   1    6    3   1   4   0   3   0     7   0   0   0   0    6
patterson,patric  tor PF 32  779   73  190  49 135  18   26  29  129   35  22  17   7  51   0   213   3   0   0   4  130
paul,chris        lac PG 27  866  168  357  52 139 106  118  24  144  235  47  59   6  73   0   494   4   0   0  27  122
payne,adreian     min PF 10   68   11   25   1   7   4    4   2   17    5   5   4   2  14   0    27   0   0   0   0   15
payne,cameron     chi PG 18  283   36  111  14  53   4    4   2   36   32  11  22   4  34   0    90   1   0   0   0  -30
payton,elfrid     orl PG 41 1193  223  466  23  79  76  111  40  183  277  45  83  22  92   1   545   1   0   0  28 -156
payton,gary       mil SG  4   90    6   19   0   7   3    5   0   11   13   3   8   4   9   0    15   0   0   0   0  -44
pierce,paul       lac SF 12  145   13   34   8  21   7    8   0   23    6   2   9   3  23   0    41   0   0   0   4    2
plumlee,marshall  nyk  C 11   97    7   15   0   0   5   14  12   28    8   1   7   3  12   0    19   0   0   0   0    1
plumlee,mason     den PF 41 1052  160  314   0   3  98  153  77  283  133  39  67  46 119   1   418   3   0   0  31  -70
plumlee,miles     cha  C 24  248   22   53   0   0   9   18  21   50    8   8  18   6  36   0    53   0   0   0   4  -45
poeltl,jakob      tor  C 26  324   33   52   0   0   9   20  35   85    5   9  13   9  52   1    75   0   0   0   2   -4
porter,otto       was SF 40 1253  202  410  77 177  41   50  60  254   56  60  15  20  98   1   522   0   0   0  40   10
portis,bobby      chi PF 36  557   95  195  16  54  20   28  36  152   19   5  22   4  54   0   226   0   0   0   6   -8
porzingis,krista  nyk PF 36 1169  239  545  57 169 114  144  63  263   53  26  60  65 145   5   649   2   0   0  36 -116
powell,dwight     dal PF 38  691  103  212  13  48  53   72  44  167   19  32  20  22  55   1   272   0   0   0   3 -115
powell,norman     tor SG 37  735  114  256  25  82  53   69  18   86   42  29  37   9  71   0   306   1   0   0  10   37
poythress,alex    phi SF  2   56   13   22   0   6   3    3   4    9    2   1   0   1   4   0    29   0   0   0   1  -15
price,ronnie      pho PG  5   49    4   12   3   8   0    0   0    4    8   4   2   0   6   0    11   0   0   0   0  -11
prince,taurean    atl SF 30  554   63  161  20  59  37   49  18   91   28  28  35  10  53   0   183   0   0   0   5  -14
quarterman,tim    por SG  8   30    6    8   2   2   0    0   2    4    4   0   3   2   3   0    14   0   0   0   0    9
randle,chasson    na  PG 18  193   28   67  12  31  25   26   5   20   22   5   7   1  22   0    93   0   0   0   0   -3
randle,julius     lal PF 36  976  177  368   8  27  86  122  71  294  103  23  84  17 127   2   448   3   0   0  35 -328
randolph,zach     mem PF 38  959  220  515   8  52  67   88  94  304   65  24  47   7  67   1   515   1   0   0   4   20
redick,jj         lac SG 39 1076  194  438  92 228  85   94   8   84   49  23  55   6  64   0   565   1   0   0  39   45
reed,willie       mia PF 35  561   94  159   1   2  27   50  77  203   17   8  17  29  73   0   216   1   0   0   4   26
richardson,josh   mia SG 25  734   82  224  33 105  33   40  15   76   66  38  35  16  60   0   230   1   0   0  18  -30
richardson,malac  sac SG 14  139   20   48   5  19   9   13   3   20    9   4   4   1  16   0    54   0   0   0   0  -13
rivers,austin     lac SG 39 1114  180  397  72 175  70  110  15   87  103  28  64   4 101   1   502   4   0   0  18  -80
roberson,andre    okl SG 39 1111   82  196  12  74  19   48  47  174   39  40  23  37 100   0   195   0   0   0  39  -52
roberts,brian     cha PG 21  245   27   76   6  25  18   21   2   25   30   6  16   0  10   0    78   0   0   0   2  -50
robinson,glenn    ind SG 35  711   74  172  24  64  31   41  33  115   28  22  16  10  33   0   203   0   0   0  14 -102
robinson,thomas   lal PF 22  263   41   86   0   1  14   27  37   97   17  12  20   4  32   0    96   1   0   0   0  -77
rodriguez,sergio  phi PG 33  678   97  247  49 116   7   10   8   63  140  21  59   3  41   0   250   0   0   0  12 -133
rondo,rajon       chi PG 35  958  123  291  21  73  15   23  37  180  217  49  88   5  77   0   282   0   0   0  21 -118
rose,derrick      nyk PG 32 1047  226  504  10  37 113  127  34  117  141  25  75   9  38   0   575   1   0   0  32 -159
ross,terrence     orl SF 36  900  153  352  62 172  16   22   8   97   36  42  30  14  69   1   384   1   0   0  10   -6
rozier,terry      bos PG 37  657   80  221  30 103  28   37  25  116   70  22  19   4  29   0   218   0   0   0   0    2
rubio,ricky       min PG 37 1204  130  319  28  89 127  143  36  144  305  55 102   6  92   0   415   0   0   0  37 -141
rudez,damjan      orl SF 22  168   16   50   8  34   0    0   1   12   11   6   6   1  15   0    40   0   0   0   0  -56
rush,brandon      min SG 25  531   32   86  17  51   2    2   5   49   25  10  13  10  21   0    83   0   0   0  17  -63
russell,d'angelo  lal PG 29  822  150  395  53 168  70   88  17   93  132  43  84  11  66   1   423   2   0   0  27 -270
sabonis,domantas  okl PF 40  789   98  232  29  81  17   29  24  142   41  18  43  14 100   1   242   0   0   0  33 -109
sanders,larry     cle  C  2    6    1    3   0   0   0    0   3    4    0   0   2   0   3   0     2   0   0   0   0   -1
saric,dario       phi SF 40 1119  215  512  62 188  90  118  65  263   74  32 102  16  93   1   582   2   0   0  18 -239
satoransky,tomas  was SG 27  328   30   69   5  20   7   15   8   33   40  14  19   2  27   0    72   0   0   0   3   10
schroder,dennis   atl PG 39 1238  280  605  49 147 123  139  25  129  222  34 136  10  73   0   732   1   0   0  38   -2
scola,luis        bro PF 19  260   49   94  15  32  15   22  27   74   19   4  19   2  35   0   128   0   0   0   1  -38
scott,mike        atl PF 10  109    7   32   3  18   3    4   3   19    9   2   4   2   4   0    20   0   0   0   0  -15
sefolosha,thabo   atl SF 30  776   86  189  25  59  27   36  22  138   49  39  29  18  48   0   224   1   0   0  20  -44
selden,wayne      na  SG  5   81    8   22   2  13   4    8   0    5    4   5   4   1   6   0    22   0   0   0   3  -12
seraphin,kevin    ind  C 24  252   54   90   0   0   6   11  17   65   14   6  11   7  35   0   114   0   0   0   1  -24
sessions,ramon    cha PG 25  405   48  139   7  30  45   59   4   37   65  17  26   0  26   0   148   0   0   0   1  -60
shumpert,iman     cle SG 37  966   97  235  36 113  32   40  14  107   50  32  41  10  71   0   262   2   0   0  17 -121
siakam,pascal     tor SF 27  455   43   97   0   3   9   16  34  101    8  15  15  25  58   0    95   0   0   0  21  -65
simmons,jonathon  san SG 38  647   75  188  12  43  45   60  10   76   56  23  35   9  71   0   207   0   0   0   2   81
singler,kyle      okl SF 18  230   23   55   6  24   9   11   7   28    6   5   5   4  16   0    61   0   0   0   1   11
smart,marcus      bos PG 39 1222  144  383  41 161 113  142  36  156  159  69  73  13 107   0   442   5   0   0  14   42
smith,ish         det PG 40  983  164  375  14  61  26   38  12  116  201  31  49  15  62   0   368   0   0   0  19  -78
smith,j.r.        cle SG 21  593   54  179  36 130   6    9   5   51   26  21  15   4  36   0   150   0   0   0  17  -68
smith,jason       was PF 39  536   89  164  20  43  20   29  29  136   17  11  34  28  89   1   218   0   0   0   2  -52
snell,tony        mil SF 40 1133  120  263  72 178  21   28  16  137   53  29  28   6  58   0   333   0   0   0  40  -49
speights,marrees  lac  C 41  644  120  277  54 137  63   70  45  179   26  12  31  18 105   0   357   2   0   0   2  -49
splitter,tiago    phi  C  4   44   10   20   2   4   3    5   7   12    2   1   3   1   5   0    25   0   0   0   0   -9
stauskas,nik      phi SG 40 1125  123  325  64 183  77   95  13  112   93  29  74  11  69   0   387   1   0   0  15 -191
stephenson,lance  ind SG  6  126   18   40   3   8   2    3   0   15   21   1   8   2  15   0    41   0   0   0   0    3
stokes,jarnell    den PF  1    1    0    0   0   0   1    2   0    0    0   0   0   0   1   0     1   0   0   0   0   -2
stone,diamond     lac  C  2    6    1    4   0   0   2    2   0    2    0   0   0   0   1   0     4   0   0   0   0   -3
stuckey,rodney    ind PG 20  324   42  119   8  28  39   55   3   41   43  11  23   0  18   0   131   0   0   0   0    3
sullinger,jared   tor  C  7   82   12   37   2  14   2    6   8   21    2   1   4   2  14   0    28   0   0   0   0  -22
tavares,walter    atl  C  1    4    1    1   0   0   0    2   0    1    0   0   0   0   0   0     2   0   0   0   0    6
taylor,isaiah     hou PG  3   51    1    7   0   2   1    2   1    3    3   1   0   1   5   0     3   0   0   0   0  -14
teague,jeff       ind PG 41 1319  189  446  45 124 199  229  16  160  315  53 115   9  84   0   622   1   0   0  41 -217
teletovic,mirza   mil PF 37  661   98  239  63 173  22   26   9  109   25   5  22  10  68   0   281   1   0   0   0   12
temple,garrett    sac SG 35  939  100  245  45 116  37   47  21  109  101  47  49  18  85   0   282   0   0   0  13 -135
terry,jason       mil SG 36  634   44  115  30  79  10   11   9   52   43  20  16  11  35   0   128   0   0   0   0  -55
thomas,isaiah     bos PG 36 1217  304  681 112 305 287  318  12   87  223  32  82   4  85   0  1007  11   0   0  36   27
thomas,lance      nyk SF 27  568   54  142  21  49  25   27  18   82   21  15  13   5  41   0   154   0   0   0   7 -108
thompson,hollis   na  SG 17  327   30   86  12  44  10   14  13   46   16  10   7   3  30   0    82   0   0   0   5  -55
thompson,klay     gsw SG 39 1362  304  701 121 338 105  119  26  150   68  34  74  15  71   0   834   1   0   0  39  302
thompson,tristan  cle  C 38 1141  132  212   0   1  57  112 133  338   39  17  30  37  96   0   321   1   0   0  38 -119
thornton,marcus   was SF 15  260   38  104  10  40  11   13   9   32   14   9   7   2  22   0    97   0   0   0   0 -110
tobey,mike        cha  C  2   25    1    4   0   0   0    0   2    3    1   0   1   0   2   0     2   0   0   0   0  -17
tolliver,anthony  sac PF 29  649   69  158  38 101  18   29  26  104   33  12  23  13  44   0   194   0   0   0   2  -79
toupane,axel      nor SG  2   42    5    8   1   3   0    0   0    1    0   1   0   1   5   0    11   0   0   0   0   -2
towns,karl-antho  min PF 41 1495  390  734  54 139 145  174 151  484  110  31 103  47 112   0   979   1   0   0  41 -149
tucker,p.j.       tor PF 42 1152   90  241  30  92  24   34  65  240   50  61  37   9  97   0   234   4   0   0  11  -84
turner,evan       por SG 32  810  113  269  13  52  37   41  23  123   89  23  47  15  67   0   276   3   0   0   5 -180
turner,myles      ind PF 41 1254  213  411  21  62 102  124  64  266   54  32  59  77 139   1   549   0   0   0  41 -177
udrih,beno        det PG 23  339   54  116   7  22  23   24   4   26   75   9  22   0  17   0   138   0   0   0   0   24
ulis,tyler        pho PG 28  563   83  226   8  40  28   39  11   50  110  27  34   1  35   0   202   0   0   0   8 -117
uthoff,jarrod     dal SF  6   74   12   27   2   7   5    7   8   16    4   2   2   2   4   0    31   0   0   0   0  -15
valanciunas,jona  tor  C 40 1029  196  339   1   1  78   98  95  345   29  21  54  26 117   0   471   3   0   0  40  -75
valentine,denzel  chi SG 30  552   51  161  36 118   7   10   7   73   30  15  26   6  55   0   145   0   0   0   0  -25
vanvleet,fred     tor PG 16  184   23   72   4  18  15   18   3   31   26   8   7   1  20   0    65   0   0   0   0   30
varejao,anderson  gsw  C  4   36    0    4   0   0   2    2   5   12    3   1   2   0   6   0     2   0   0   0   1  -18
vasquez,greivis   bro PG  2   25    1    5   0   2   0    0   0    1    3   1   0   0   3   0     2   0   0   0   0  -22
vaughn,rashad     mil SG 24  286   31   96  14  49   2    5   3   34   15  16  13   6  13   0    78   0   0   0   1  -58
vonleh,noah       por PF 37  633   68  133   3   7  32   52  56  188   12  15  33  12  78   2   171   1   0   0  19  -79
vucevic,nikola    orl  C 38 1073  232  494  14  42  47   68  85  385  114  37  56  35  97   0   525   2   0   0  27 -114
vujacic,sasha     nyk SG 22  219   23   71  12  41  10   14   5   27   23   6   7   2  22   0    68   1   0   0   3   -9
wade,dwyane       chi SG 27  816  188  424  21  72  88  108  23  121  103  45  55  15  48   0   485   0   0   0  27  -72
waiters,dion      mia SG 22  648  117  319  32  96  35   49   8   73  103  17  30  11  52   0   301   2   0   0  19  -55
walker,kemba      cha PG 38 1327  311  696 116 286 135  155  20  155  190  47  88   6  60   0   873   0   0   0  38    7
wall,john         was PG 37 1352  308  686  29 121 200  250  25  154  388  65 134  21  62   0   845   6   0   0  37   18
warren,t.j.       pho SF 33 1043  205  419  16  50  60   81  60  162   32  46  29  15  83   0   486   2   0   0  29 -195
watson,c.j.       orl PG 33  536   54  133  18  57  23   26   7   47   64  20  24   0  48   0   149   0   0   0   5  -99
weber,briante     cha PG  8  110   12   28   1   6   8   11   4   11   12   7   5   1  13   0    33   0   0   0   0  -20
west,david        gsw PF 31  413   69  130   3   7  26   34  18   94   75  20  35  22  55   0   167   4   0   0   0   63
westbrook,russel  okl PG 40 1381  402  979 108 313 371  440  64  426  382  65 212  16 104   0  1283   7   0   0  40  -52
white,okaro       mia PF 16  247   18   42   9  19  11   13  12   45   12   7   8   5  31   0    56   1   0   0   0   22
whitehead,isaiah  bro SG 34  731  104  228  21  72  45   54   9   66   90  22  65  14  67   0   274   0   0   0   9  -61
whiteside,hassan  mia  C 37 1199  249  468   0   0  87  141 137  488   32  23  69  70 106   1   585   4   0   0  37  -75
wiggins,andrew    min SF 41 1512  351  794  47 143 218  283  51  161   81  44  96  10  89   1   967   0   0   0  41 -202
wilcox,c.j.       orl SG 14   81    7   23   3  11   2    2   3    8    9   1   4   0   3   0    19   0   0   0   0  -10
williams,alan     pho PF 23  348   67  121   0   1  24   44  43  140   13  17  25  17  64   0   158   1   0   0   0  -59
williams,deron    na  PG 33  859  143  313  49 123  32   41   7   75  187  15  71   7  67   1   367   0   0   0  22 -108
williams,derrick  cle PF 29  473   54  137  12  50  37   56  11   77   14   9  20   6  40   0   157   1   0   0   6  -16
williams,louis    hou SG 42 1037  214  511  73 221 227  257  15   94  114  44  87  11  45   0   728   0   0   0   1  -63
williams,marvin   cha PF 39 1177  151  362  68 178  68   80  43  230   48  25  34  30  64   0   438   0   0   0  39  -61
williams,reggie   nor SF  5   70    7   20   4   9   4    5   2    6    3   2   0   0   1   0    22   0   0   0   0  -22
williams,troy     na  SF 13  272   44   89  13  37  18   25  10   34   15  10  16   2  27   0   119   0   0   0   7  -47
wiltjer,kyle      hou PF  9   26    2    8   2   7   0    0   1    6    1   1   4   0   4   0     6   0   0   0   0  -21
winslow,justise   mia SF  7  238   28   96   0  10   9   13  12   38   27   7   8   3  17   0    65   0   0   0   7  -16
withey,jeff       uta  C 23  216   20   38   0   0  12   13  20   58    4   8   9  10  23   0    52   0   0   0   1  -37
wood,christian    cha PF  9   72    6   13   0   4   5    8   7   17    2   1   4   4   7   0    17   0   0   0   0    6
wright,brandan    mem PF 12  201   39   63   0   1  11   15  16   36    4   7   7   5  20   0    89   0   0   0   1   -9
wright,delon      tor PG 14  218   22   56   6  16  19   28   9   27   23  11  13   7  16   0    69   0   0   0   0   56
young,james       bos SG 16  137   18   39   9  24   2    3   5   14    2   7   3   1  12   0    47   0   0   0   0  -36
young,joe         ind PG 12   78   20   42   4  13   9   11   0   11    8   4   3   0   2   0    53   0   0   0   0   -9
young,nick        lal SF 32  797  135  326  83 217  39   44  10   67   26  23  16   6  75   0   392   1   0   0  32 -244
young,thaddeus    ind PF 39 1122  183  344  15  53  22   42  71  233   61  59  55  15  65   0   403   0   0   0  39 -191
zeller,cody       cha  C 29  772  117  213   0   0  56   78  67  188   49  24  38  24  94   1   290   0   0   0  25   37
zeller,tyler      bos  C 27  261   35   67   0   1   8   15  20   66   24   1   9  13  29   0    78   0   0   0   3    4
zimmerman,stephe  orl ??  7   42    3   13   0   0   2    2   6   14    2   0   1   0   6   0     8   0   0   0   0  -19
zipser,paul       chi SF 23  434   35  102  11  44  17   22  11   62   22   8  22   9  48   0    98   0   0   0  11  -35
zubac,ivica       lal  C 22  320   67  128   0   0  18   28  25   82   12   6  16  19  30   0   152   0   0   0   4  -83
