Player           Team PS GP  Min  FGM  FGA  3M  3A FTM  FTA  OR   TR   AS  ST  TO  BK  PF  DQ   PTS  TC  EJ  FF Sta +/-
abrines,alex      okl SG 34  529   67  171  43 120  23   24   7   44   18  17  12   3  54   0   200   0   0   0   3   41
acy,quincy        bro SF 18  253   26   83  17  46  23   31  12   48   11   6  10   4  31   0    92   0   0   0   0  -18
adams,steven      okl  C 41 1254  192  329   0   0  91  154 140  309   34  47  67  36  86   0   475   4   0   0  41  198
afflalo,arron     sac SG 28  720   83  184  29  68  46   50   4   55   32   7  21   4  48   0   241   0   0   0  18 -155
ajinca,alexis     nor  C 17  211   30   55   0   1   6    7  20   65    3   4   5  12  31   0    66   0   0   0   5  -33
aldrich,cole      min  C 33  244   18   36   0   0   5    9  19   59   14  15   9   8  44   1    41   0   0   0   0  -46
aldridge,lamarcu  san PF 33 1044  227  457  14  28 100  121  64  215   64  15  39  38  65   0   568   0   0   0  33  189
allen,lavoy       ind PF 31  464   43   95   0   0   6   12  57  113   24  13  14  13  41   0    92   0   0   0   4  -33
allen,tony        mem SG 38 1005  139  318   7  27  43   72  95  219   51  53  57  18  78   0   328   0   0   0  35   31
aminu,al-farouq   por SF 32  962  110  267  42 121  41   67  37  234   48  32  45  20  48   0   303   1   0   0  13   45
andersen,chris    cle PF  8   70    7   16   0   3   8   12   7   18    4   3   3   5  14   0    22   0   0   0   0    1
anderson,alan     lac SG 16  151   11   35   5  19   3    5   3   12    6   1   4   0  19   0    30   0   0   0   0  -35
anderson,justin   phi SF 34  576   99  213  27  98  66   82  27  119   30  20  37   8  40   0   291   4   0   0   6 -123
anderson,kyle     san SF 36  518   37   99   7  21  13   14  19  112   52  20  23  12  32   0    94   0   0   0   7  114
anderson,ryan     hou PF 36 1018  134  362  78 235  51   66  58  161   41  10  21   8  72   0   397   1   0   0  36  242
antetokounmpo,gi  mil SF 40 1462  342  635  24  86 257  325  67  362  217  79 133  76 123   2   965   1   0   0  40  142
anthony,carmelo   nyk SF 39 1358  336  752  86 231 156  193  36  267  108  39  77  16 102   0   914   4   0   0  39  -28
anthony,joel      san  C 10   62    6   10   0   0   0    0   4   10    2   2   2   2   7   0    12   0   0   0   0  -33
ariza,trevor      hou SF 41 1421  173  427  98 292  54   76  33  236  101  77  34  12  61   0   498   2   0   0  41  288
artest,ron        lal PF 10   72   12   37   6  20   2    2   4    9    5   5   2   0  11   0    32   0   0   0   2  -19
arthur,darrell    den PF 20  290   48   98  26  53   8    9   8   59   15  11  14   9  37   0   130   0   0   0   1   -1
asik,omer         nor  C 16  242   18   37   0   0  10   17  23   84   10   3   8   9  25   0    46   0   0   0  10  -51
augustin,d.j.     orl PG 39  765  104  250  53 134  67   78   9   57  109  15  52   0  50   0   328   0   0   0   9 -155
babbitt,luke      mia SF 35  544   56  138  47 113   8    9   4   77   18  14  13   4  61   0   167   2   0   0  28   32
baker,ron         nyk SG 23  445   43  118  12  47  13   20   7   55   50  22  32   2  39   0   111   0   0   0   8  -51
baldwin,wade      mem PG 20  246   27   78   2  13  16   21   8   28   44  14  23   5  24   0    72   0   0   0   0  -54
barbosa,leandro   pho SG 34  442   76  180  12  43  14   17  11   53   36  11  26   6  40   1   178   0   0   0   0  -44
barea,j.j.        dal PG 14  306   52  132  23  60  21   24   4   37   76   5  26   0  14   0   148   0   0   0   4   60
barnes,harrison   dal SF 40 1409  295  650  38 110 144  172  57  207   58  38  54   7  56   0   772   0   0   0  40   43
barnes,matt       gsw SF 34  863   93  217  47 125  31   41  32  183  102  19  49  19  87   0   264   4   0   0  10   86
barton,will       den SF 32  887  147  337  50 124  74   99  24  123  107  23  45  13  53   0   418   0   0   0   7    4
bass,brandon      lac PF 30  316   56   98   1   2  42   47  28   75   12   8  18   5  24   0   155   0   0   0   0  -68
batum,nicolas     cha SG 39 1363  215  510  71 204 129  154  28  253  246  41 100  17  53   0   630   0   0   0  39  110
bayless,jerryd    phi PG  3   71   11   32   2   5   9   10   3   12   13   0   9   0   4   0    33   1   0   0   1  -21
baynes,aron       det  C 38  619   97  180   0   0  39   47  61  194   17  11  28  18  83   0   233   0   0   0   1  110
bazemore,kent     atl SF 38 1013  157  380  51 142  66   90  22  102   87  48  65  26  82   1   431   5   0   0  33 -108
beal,bradley      was SG 39 1344  322  647 119 270 149  180  30  123  144  41  75   9  76   0   912   0   0   0  39  247
beasley,malik     den SG 12   50   15   24   4  10   3    4   2    7    3   3   5   0   3   0    37   1   0   0   0    2
beasley,michael   mil SF 28  502  119  203  10  19  39   52  17  104   26  14  33  14  57   1   287   1   0   0   2   16
belinelli,marco   cha SG 38  880  126  302  41 140  90   99   7   85   66  22  26   8  52   0   383   0   0   0   0   81
bembry,deandre    atl SF 14  122   13   36   0   5   0    2   5   20    5   1   1   1   4   0    26   0   0   0   0  -27
bender,dragan     pho PF 23  279   29   85  15  55   2    6  18   55   10   5  18   8  34   0    75   0   0   0   0  -16
bennett,anthony   bro PF  9   63    8   21   3  13   7   11   7   16    3   3   3   0   2   0    26   0   0   0   0    3
bentil,ben        dal PF  2    6    0    3   0   1   0    0   0    2    0   0   1   0   0   0     0   0   0   0   0  -12
bertans,davis     san SF 33  431   51  122  32  88  15   18  11   60   27  12  19  17  37   0   149   0   0   0   5   70
beverley,patrick  hou PG 36 1083  126  295  65 161  40   54  52  211  154  56  58  13 116   1   357   6   0   0  36  231
biyombo,bismack   orl  C 40  886   87  172   0   0  64  122  82  278   32  12  40  49 101   0   238   2   0   0  13  -88
bjelica,nemanja   min PF 34  630   85  182  33  92  25   31  31  132   41  22  32   9  86   1   228   0   0   0   1   34
black,tarik       lal  C 33  538   77  153   1   1  44   55  76  176   18  20  26  22  85   1   199   1   0   0   6   19
bledsoe,eric      pho PG 34 1160  238  540  56 159 219  254  30  168  237  49 133  19  79   1   751   2   0   0  34  -34
bogdanovic,bojan  was SG 40 1059  182  408  78 205 109  123  20  139   58  14  66   4  78   0   551   0   0   0  29  -90
bogut,andrew      cle  C 14  305   15   31   0   0   3    6  26  120   27   8  20  12  42   1    33   1   0   0  10    9
bolomboy,joel     uta PF  5    9    3    4   1   2   1    2   0    3    0   0   0   0   0   0     8   0   0   0   0    2
booker,devin      pho SG 41 1456  316  748  81 214 174  217  27  146  156  32 126  10 120   1   887   3   0   0  41   66
booker,trevor     bro PF 38  964  180  346  15  46  36   59  89  322   73  46  67  15  89   0   411   3   0   0  23 -131
bradley,avery     bos PG 27  890  157  360  58 137  25   36  40  174   60  28  36   4  64   0   397   0   0   0  27   64
brewer,corey      lal SF 43  678   86  185  13  61  28   35  20   92   50  30  28  13  72   0   213   0   0   0   6   41
brogdon,malcolm   mil SG 37  948  134  303  34  89  65   72  20   86  160  40  59   3  68   0   367   0   0   0  12   21
brooks,aaron      ind PG 33  443   64  154  23  68  13   16   7   35   57  10  27   5  42   0   164   2   0   0   0  -38
brown,anthony     orl SF  6  101   14   33   5  15   0    0   6   20    6   4   2   1  10   0    33   0   0   0   0    1
brown,bobby       hou PG 10   33    8   20   4  11   0    0   0    3    1   0   2   0   1   0    20   0   0   0   0   -4
brown,jaylen      bos SF 39  664   94  222  22  76  41   61  17  113   32  18  31  11  74   0   251   1   0   0   9  -71
brussino,nicolas  dal SF 25  186   19   52  10  33   5    5   7   31   16   8   7   4   9   0    53   0   0   0   0  -35
bullock,reggie    det SF 15  217   27   62  12  35   1    2   8   40   13   8   4   2  12   0    67   0   0   0   3   53
burke,trey        was PG 31  381   64  142  16  37  13   17   6   34   52   5  23   4  26   0   157   0   0   0   0  -28
burks,alec        uta SG 18  319   43  116  14  37  22   30  10   63   12  10  18   3  25   0   122   0   0   0   0    7
butler,jimmy      chi SG 41 1518  282  658  38 119 356  406  82  250  239  91  76  19  57   0   958   2   0   0  40  160
caboclo,bruno     tor SF  5   16    1    4   1   2   0    0   3    6    3   2   2   0   3   0     3   0   0   0   0    9
calderon,jose     atl PG 18  236   24   54   9  29   4    4   7   28   45   6  14   1  22   0    61   0   0   0   4   11
caldwell-pope,ke  det SG 38 1282  195  463  83 227  75   91  28  127  112  47  38   7  60   0   548   3   0   0  37   33
canaan,isaiah     chi PG 16  240   27   78   9  42  10   11   5   21   14   7   6   0  12   0    73   0   0   0   0   -6
capela,clint      hou  C 32  787  191  279   0   0  49   98  91  280   42  17  38  42  88   1   431   1   0   0  30  221
carroll,demarre   tor SF 37 1003  118  297  66 181  48   64  32  152   46  35  28  17  79   0   350   1   0   0  37  183
carter,vince      mem SG 35  834   83  216  52 139  49   61  18  123   65  30  27  19  80   0   267   4   0   0   8  106
carter-williams,  chi PG 23  442   52  150   8  34  22   29  12   74   59  21  29  13  56   0   134   0   0   0  10   -9
casspi,omri       min SF 14  231   30   57   6  15   9   18   8   42   14   7  11   0  19   0    75   0   0   0   0   -4
cauley-stein,wil  sac  C 36  672  127  244   0   0  55   77  34  161   39  22  33  18  64   0   309   0   0   0  11  -48
chandler,tyson    pho  C 25  711   89  130   0   0  42   61  93  311   17  16  37  16  71   0   220   2   0   0  24   -7
chandler,wilson   den SF 35 1103  222  477  55 166  61   86  56  247   95  29  54  14  79   0   560   1   0   0  19   77
chriss,marquese   pho PF 41  898  153  329  43 122  55   84  48  178   33  39  39  40 134   1   404   6   0   0  38  -89
christmas,rakeem  ind PF 12   78    9   20   0   0  10   15  10   22    0   2   1   3  11   0    28   0   0   0   0  -38
christon,semaj    okl PG 33  507   43  117   8  31  11   19  11   45   69  16  20   5  39   0   105   1   0   0   0   -3
clark,ian         gsw SG 40  610  112  237  35  99  22   31  16   71   58  23  29   5  40   0   281   0   0   0   0   11
clarkson,jordan   lal PG 41 1219  236  520  54 168  83  101  28  129  120  52  84   5  73   0   609   1   0   0  12  -75
cole,norris       okl PG  5   38    6   19   0   3   3    4   0    3    5   3   2   0   4   0    15   0   0   0   0  -11
collison,darren   sac PG 36 1126  199  395  44  98  79   95  11   79  175  46  51   3  65   0   521   1   0   0  32  -43
collison,nick     okl PF 12   67    9   16   0   1   4    7   7   16    6   0   3   1  12   0    22   0   0   0   0  -18
conley,mike       mem PG 33 1076  210  473  82 199 145  169  12   99  201  52  70  13  59   0   647   0   0   0  32  108
connaughton,pat   por SG 21  207   27   53  14  26   2    3   6   28   20   5  12   1  12   0    70   0   0   0   1  -26
cook,quinn        na  PG  7   69   11   23   4  12   0    2   0    3   10   1   5   0   5   0    26   0   0   0   0  -27
cousins,demarcus  nor  C 36 1278  328  720  70 202 271  341  81  429  192  63 152  49 145   2   997  13   0   0  36   45
covington,robert  phi SF 34 1077  144  358  70 210  64   79  42  221   55  63  70  33  99   0   422   2   0   0  34  -11
crabbe,allen      por SG 38 1100  167  327  80 156  47   55   7  110   41  25  25  12  87   0   461   0   0   0   3  -24
crawford,jamal    lac SG 41 1059  170  417  50 155  92   98   9   57  108  28  69   6  57   0   482   3   0   0   1   39
crawford,jordan   nor SG  9  198   42   86  17  44  12   16   3   15   19   1  10   1  17   0   113   0   0   0   0   12
crowder,jae       bos SF 37 1197  179  391  84 213  85  102  29  209   81  42  38  15  73   0   527   3   0   0  37  232
cunningham,dante  nor PF 33  847   92  185  37  92   8   14  30  149   21  21  12  16  55   0   229   1   0   0  18  -17
curry,seth        dal SG 35 1025  169  360  64 152  47   52  13   91   96  34  46   1  60   0   449   0   0   0  22   14
curry,stephen     gsw PG 40 1312  352  707 183 393 161  178  22  177  264  75 123  10  80   1  1048   1   0   0  40  681
daniels,troy      mem SG 33  581   92  247  63 164  23   30  13   51   21   8  24   2  48   0   270   1   0   0   2   32
davis,anthony     nor PF 40 1443  400  790  21  77 296  360  96  505   90  60 105  92  92   0  1117   2   0   0  40  145
davis,deyonta     mem PF 20  137   11   24   0   0   6    7  11   35    2   2   3   9  23   0    28   0   0   0   0  -40
davis,ed          por PF 20  367   36   66   0   0  19   35  45  110   13   5  17  11  64   1    91   0   0   0   4   14
dedmon,dewayne    san  C 40  651   82  130   0   0  32   44  53  236   22  23  34  29 100   0   196   1   0   0  18   86
dekker,sam        hou SF 38  681   97  212  29  94  25   39  48  133   34  14  16  11  39   0   248   0   0   0   0   76
delaney,malcolm   atl PG 37  616   82  203  13  55  34   42   8   62   95  18  48   0  55   0   211   0   0   0   1   85
dellavedova,matt  mil PG 39 1028  121  284  37 108  49   55  11   76  184  24  73   0  84   0   328   0   0   0  29  103
deng,luol         lal SF 25  686   70  183  22  69  17   27  33  137   36  18  20   5  31   0   179   0   0   0  23   -3
derozan,demar     tor SG 38 1334  377  799  18  60 301  347  34  197  141  30  98   9  61   0  1073   7   0   0  38  205
diallo,cheick     nor PF  5   17    1    9   0   0   0    0   4    8    1   1   0   1   1   0     2   0   0   0   0   -6
diaw,boris        uta  C 39  675   59  163   6  41  16   22  23   86   98   9  48   5  45   0   140   0   0   0  22   -5
dieng,gorgui      min  C 41 1365  161  324   8  16  62   77  93  317   77  48  54  37 127   1   392   2   0   0  41  191
dinwiddie,spence  bro PG 28  648   67  159  18  54  59   74  16   84   95  21  29  14  47   0   211   0   0   0  10  -44
douglas,toney     mem PG 13  232   29   72   6  24  16   18   5   33   31  10  12   3  26   0    80   0   0   0   0    1
dragic,goran      mia PG 36 1205  264  544  70 147 167  216  29  143  211  47  95   5  99   1   765   2   0   0  36  156
drummond,andre    det  C 40 1193  243  462   0   3  68  192 169  555   41  71  71  44 114   1   554   1   0   0  40   43
dudley,jared      pho SF 32  648   78  178  43 109  13   19  14  116   40  20  38  10  69   0   212   1   0   0   3  -21
dunleavy,mike     atl SF 29  476   56  121  30  72  19   24   9   64   33   8  13   7  42   0   161   0   0   0   1   51
dunn,kris         min PG 38  630   58  150  11  37  18   31  12   85   91  44  48  17  75   1   145   2   0   0   3  -14
durant,kevin      gsw SF 31 1043  284  504  68 160 143  163  22  277  157  27  71  56  50   0   779   2   0   0  31  473
ellenson,henry    det PF  8   35    5   12   3   6   0    0   0    7    1   0   2   0   1   0    13   0   0   0   1  -10
ellington,wayne   mia SG 30  720  108  265  74 199  11   11   7   72   29  21  12   1  38   0   301   0   0   0   5  124
ellis,monta       ind SG 38 1018  139  286  31  80  49   68   5  104  115  38  54  24  73   0   358   1   0   0  18   64
embiid,joel       phi  C 22  550  146  315  31  69 127  167  41  169   47  17  79  52  74   0   450   1   0   0  22   37
ennis,james       mem SF 29  727   69  158  22  67  42   55  36  125   25  21  28   9  72   1   202   0   0   0  14   42
ennis,tyler       lal PG 31  318   49  119  16  42  12   15   3   24   43  19  23   1  29   0   126   0   0   0   0   19
evans,tyreke      sac SG 22  403   79  194  27  68  37   49   7   75   68  14  29   5  34   0   222   0   0   0   3  -50
exum,dante        uta PG 33  627   85  197  25  81  27   33  10   67   59  15  32   3  67   0   222   1   0   0  13   13
faried,kenneth    den PF 29  647  127  211   0   2  60   93  88  222   29  25  31  22  61   0   314   1   0   0  16   -8
favors,derrick    uta PF 25  570   87  199   1   2  38   62  48  156   26  25  34  15  52   0   213   0   0   0  17   60
felder,kay        cle PG 20  181   29   76   3   9  11   17   2   18   24   7  19   6  21   0    72   0   0   0   0  -46
felicio,cristian  chi PF 33  565   66  103   0   0  27   41  67  174   26  15  18   8  64   1   159   0   0   0   0   34
felton,raymond    lac PG 39  847  110  247  13  61  30   39  11   98   91  43  41  15  56   0   263   0   0   0   6  -38
ferrell,yogi      dal PG 23  612   83  202  31  83  35   36  10   57   81  24  32   2  45   0   232   0   0   0  15    0
finney-smith,dor  dal SF 41  845   67  169  31 100  27   35  29  115   40  28  25  14  53   0   192   0   0   0  14   87
forbes,bryn       san SG 17  176   17   54   8  28   2    3   1   12   13   1   6   0   9   0    44   0   0   0   0  -26
fournier,evan     orl SG 34 1145  199  472  68 185 135  169  31  131  112  35  68   0  94   2   601   3   0   0  33    0
foye,randy        bro SG 33  596   48  137  25  82  24   28   6   75   57  14  40   7  48   0   145   1   0   0  19 -121
frazier,tim       nor PG 33  796   95  208  16  66  44   59  16   88  179  28  50   2  67   1   250   0   0   0  19  -30
frye,channing     cle PF 37  685  122  270  69 167  32   39  18  140   21  11  23  19  59   0   345   0   0   0   7   56
gallinari,danilo  den SF 32 1065  168  375  60 158 181  202  15  154   67  17  41   7  54   0   577   1   0   0  32  178
galloway,langsto  sac SG 38  760  111  287  68 174  26   30  16   85   39  27  26   1  50   0   316   0   0   0   1  -13
garino,patricio   orl SG  3   27    0    5   0   4   0    0   0    2    0   0   2   0   3   0     0   0   0   0   0    1
gasol,marc        mem  C 39 1296  267  612  55 140 164  196  30  262  150  37  87  60  90   0   753   4   0   0  39   93
gasol,pau         san  C 36  877  165  334  32  61  76  110  64  276   91  16  46  41  50   0   438   0   0   0  20  134
gay,rudy          sac SF 18  591  106  248  21  63  73   83  20  112   45  25  39  19  48   0   306   1   0   0  18   19
gbinije,michael   det SG  6   23    0    4   0   1   0    0   1    2    2   0   0   0   1   0     0   0   0   0   0   -6
gee,alonzo        den SG  7   54    2   10   0   3   5    9   3    9    5   4   2   0   7   0     9   0   0   0   0  -20
george,paul       ind SF 36 1292  304  647  93 237 176  194  27  253  118  64 103  10  93   1   877   2   0   0  36  358
georges-hunt,mar  orl SG  3   31    2    4   1   1   7    8   1    7    1   1   2   0   3   0    12   0   0   0   0  -10
gibson,jonathan   dal PG 10  122   17   47   6  22  11   15   0   11   13   3  11   0  10   0    51   0   0   0   0  -61
gibson,taj        okl PF 38  949  177  341   0   4  52   75  68  231   37  19  43  38  81   1   406   1   0   0  34   57
ginobili,manu     san SG 36  671   93  225  49 118  56   70  18   92   99  46  56   7  60   0   291   1   0   0   0  100
gobert,rudy       uta  C 41 1371  209  295   0   0 164  247 134  490   39  26  63 102 114   1   582   5   0   0  41  256
goodwin,archie    bro SG  8  101   16   34   4  10  19   23   3   12   12   2   4   3   4   0    55   0   0   0   0   -5
gordon,aaron      orl PF 40 1186  198  442  35 131  79  108  67  212   84  30  41  24  88   1   510   1   0   0  35  -24
gordon,eric       hou SG 39 1197  217  525 142 352  70   83  17  106   92  23  71  18  71   0   646   0   0   0   5  273
gortat,marcin     was  C 41 1324  197  342   0   1  50   76 125  434   55  19  60  45 108   0   444   3   0   0  41  196
graham,treveon    cha SG 13   83    7   15   4   7   3    6   3   12    3   0   1   0  13   0    21   0   0   0   1  -17
grant,jerami      okl SF 41  696   87  157  26  55  44   71  16   94   18  15  22  34  68   0   244   0   0   0   0  -37
grant,jerian      chi PG 32  460   56  143  19  65  22   26  11   45   50  20  15   4  49   0   153   0   0   0  12    4
green,danny       san SG 32  818   78  206  55 145  15   19  14   95   62  38  40  29  56   0   226   0   0   0  32  224
green,draymond    gsw PF 39 1228  134  335  38 127  87  117  52  319  285  66  94  63 101   2   393  10   0   0  39  537
green,gerald      bos SF 24  254   46  112  19  53  20   23  10   47   23   3  11   2  25   0   131   0   0   0   0    4
green,jamychal    mem PF 38 1039  124  239  25  63  64   78  93  272   46  21  54  17 132   2   337   3   0   0  36   33
green,jeff        orl SF 34  754   97  268  25  96  72   83  16   93   39  16  35  10  53   0   291   1   0   0   7 -172
griffin,blake     lac PF 29  981  237  461  21  62 160  209  61  250  139  32  59  13  82   0   655   2   0   0  29  328
hamilton,justin   bro PF 33  553   76  176  22  89  16   22  34  121   26   9  24  28  41   0   190   1   0   0   1 -184
hammons,a.j.      dal  C 11   70    2   14   1   2   1    8   4   20    4   0   3   6   9   0     6   0   0   0   0  -20
hardaway,tim      atl SG 41 1092  212  474  71 205  92  122  21  121   98  32  56   5  52   0   587   1   0   0  14  139
harden,james      hou SG 41 1499  350  783 142 399 390  466  48  344  452  63 212  18  96   0  1232   2   0   0  41  306
harkless,maurice  por SF 37 1075  168  318  29  87  44   67  62  169   41  40  39  34 102   1   409   0   0   0  33  114
harper,justin     phi PF  3   32    5   12   2   7   0    0   3    6    2   0   4   0   2   0    12   0   0   0   0  -11
harrell,montrezl  hou PF 28  523  105  164   1   2  41   61  36  102   40  12  20  22  55   0   252   1   0   0   7  101
harris,devin      dal PG 35  607   85  199  40 112  67   81   6   82   82  25  36   1  52   0   277   0   0   0   0  118
harris,gary       den SG 32  978  171  347  63 140  63   79  22   84   97  33  41   5  47   0   468   0   0   0  32  111
harris,joe        bro SG 29  617   82  192  43 115  19   26   8   69   27  17  29   0  58   0   226   0   0   0   7 -137
harris,manny      dal PG  2    6    1    5   0   1   0    0   1    1    0   0   1   0   0   0     2   0   0   0   0   -7
harris,tobias     det SF 41 1274  258  522  62 165  91  107  30  224   79  25  47  17  66   0   669   0   0   0  20  176
harrison,aaron    cha SG  4   12    0    3   0   2   0    0   0    3    2   0   0   0   2   0     0   0   0   0   0   -2
harrison,andrew   mem PG 37  737   50  188  16  82  78   99  13   69  109  22  42  12  93   2   194   1   0   0  12   32
haslem,udonis     mia PF  8   56    4   12   0   2   3    4   3   16    1   2   2   0  10   0    11   0   0   0   0  -37
hawes,spencer     mil  C 26  371   60  133  13  36  20   24  21  103   33  12  21  14  32   0   153   0   0   0   0  -54
hayward,gordon    uta SF 36 1250  276  556  71 178 181  215  14  189  122  40  58  11  50   0   804   0   0   0  36  231
henderson,gerald  phi SG 37  890  119  287  37  95  92  109  18  107   53  23  31   7  74   0   367   3   0   0  23 -104
henson,john       mil PF 28  553   70  140   0   1  41   61  45  147   32  20  20  41  68   0   181   3   0   0  18  -48
hernangomez,juan  den PF 30  416   52  108  24  50  27   37  20   96   17  15  19   7  27   0   155   0   0   0   5   -8
hernangomez,will  nyk  C 37  670  123  221   3   7  47   64  76  220   55  20  57  10  74   0   296   0   0   0  11   12
hezonja,mario     orl SG 32  492   61  157  17  66  20   26   9   88   31  13  26   7  39   0   159   1   0   0   1  -58
hibbert,roy       den  C 25  334   41   78   0   0  31   41  24   65   12   4  15  24  43   0   113   0   0   0   5   13
hield,buddy       sac SG 43  976  162  402  71 203  35   42  19  124   57  17  49   4  53   0   430   0   0   0  28 -104
hilario,nene      hou  C 36  611  127  205   1   6  67  111  54  144   33  31  29  21  72   0   322   1   0   0   4   74
hill,george       uta PG 26  792  150  309  54 119  79  104  12   92  101  23  43   4  64   0   433   1   0   0  26  196
hill,jordan       min PF  3   15    2    4   0   0   0    0   3    4    0   0   2   0   4   0     4   0   0   0   0   -5
hill,solomon      nor SF 41 1220   91  240  51 136  60   75  29  146   83  35  40  18  98   0   293   0   0   0  35  110
hilliard,darrun   det SG 19  156   21   54   1  13   9   10   1   17   14   7  16   0  14   0    52   0   0   0   1  -16
holiday,jrue      nor PG 33 1090  217  461  54 140  58   83  16  120  242  52  87  25  64   0   546   0   0   0  30   91
holiday,justin    nyk SG 41  804  125  272  51 136  29   33  15  116   47  26  35  15  50   0   330   0   0   0   3   28
hollis-jefferson  bro SG 39  885  104  250   8  30  88  116  51  230   84  42  56  24  94   1   304   0   0   0  25  -89
holmes,richaun    phi PF 26  541  112  194  14  36  33   40  51  139   30  20  23  31  58   0   271   1   0   0   8  -53
hood,rodney       uta SG 27  689  133  297  61 148  33   44   9   91   40  16  39   4  61   0   360   0   0   0  24  109
horford,al        bos  C 35 1130  194  405  50 131  66   85  58  259  193  32  69  48  74   1   504   0   0   0  35  140
house,danuel      was PF  1    1    0    0   0   0   0    0   0    1    0   0   0   0   0   0     0   0   0   0   0    0
howard,dwight     atl  C 39 1146  202  301   0   0 118  228 158  469   58  40  94  48 116   1   522   8   0   0  39 -115
huertas,marcelo   lal PG  8   60    8   16   2   5   0    0   0    3   15   0   4   1   5   0    18   0   0   0   0    0
huestis,josh      okl SF  2   31    6   11   2   4   0    1   4    9    3   0   0   4   0   0    14   0   0   0   0    3
humphries,kris    atl PF 26  302   37   92   8  21  31   34  31   90   13   7  13   8  30   0   113   0   0   0   0   -7
ibaka,serge       tor PF 38 1147  224  469  62 146  44   54  66  271   31  21  51  66 112   1   554   5   0   0  38  -26
iguodala,andre    gsw SF 40 1016  113  204  27  79  35   52  20  138  144  34  32  24  57   0   288   1   0   0   0  330
ilyasova,ersan    atl PF 42 1081  186  418  74 199  86  113  57  241   58  28  53  11 105   2   532   1   0   0  23   20
ingles,joe        uta SF 41 1016  112  231  72 149  29   39   7  128  111  50  63   4  80   0   325   0   0   0  16  155
ingram,brandon    lal SF 39 1146  143  353  28  93  73  114  29  161   76  28  52  18  73   1   387   1   0   0  19  -91
irving,kyrie      cle PG 37 1273  342  685  81 196 137  156  27  123  244  47  77  15  68   0   902   2   0   0  37  351
jack,jarrett      nor PG  1    8    0    0   0   0   0    0   0    0    1   1   1   0   0   0     0   0   0   0   0    1
jackson,demetriu  bos PG  1   11    2    3   1   1   3    4   2    3    2   0   0   0   0   0     8   0   0   0   0    3
jackson,pierre    dal PG  5   58    8   25   2   9   5    6   0    6   10   1   3   0   3   0    23   0   0   0   0   37
jackson,reggie    det PG 28  777  160  370  38  98  70   79  12   61  176  19  62   2  63   0   428   1   0   0  28   -8
james,lebron      cle SF 39 1440  386  686  55 161 180  278  49  345  345  54 147  25  64   0  1007   1   0   0  39  391
jefferson,al      ind  C 34  462  129  248   0   0  21   25  34  138   26   7  15  11  61   0   279   0   0   0   1  -50
jefferson,richar  cle SF 39  843   82  182  27  93  45   57  13  107   46  14  25   3  67   0   236   2   0   0   6  156
jenkins,john      pho SG  2    5    1    2   1   2   0    0   0    0    0   0   0   0   0   0     3   0   0   0   0    0
jennings,brandon  was PG 38  786   84  211  39 113  35   47   9   84  181  26  62   1  47   0   242   1   0   0   4  -12
jerebko,jonas     bos PF 38  621   59  122  21  56  13   20  29  146   47  16  20  11  55   0   152   1   0   0   3   -4
johnson,amir      bos PF 40  811  113  191  15  32  38   57  62  183   69  30  40  38  95   0   279   1   0   0  38  186
johnson,brice     lac ??  1    3    1    3   0   0   0    0   0    0    0   1   0   0   0   0     2   0   0   0   0   -4
johnson,james     mia PF 40 1077  180  379  41 131  65   97  23  194  151  36  79  40  98   1   466   4   0   0   2  145
johnson,joe       uta SF 38  889  122  286  52 123  35   45  16  123   74   9  41   9  44   0   331   0   0   0   5  139
johnson,stanley   det SF 39  662   54  165  19  69  18   28  23   97   52  37  43  13  66   0   145   1   0   0   0   96
johnson,tyler     mia SG 36 1065  175  386  48 115 100  134  19  121  111  38  55  23  82   1   498   0   0   0   0   57
johnson,wesley    lac SF 32  383   33   93  19  62   7   11  10   80   11  15  10  15  40   0    92   0   0   0   1  -47
jokic,nikola      den  C 37  992  247  421  21  64  89  110  99  355  201  33  91  26 113   1   604   2   0   0  30  218
jones,dahntay     cle SG  1   12    3    8   0   2   3    4   1    2    1   0   1   0   1   0     9   0   0   0   0    2
jones,damian      gsw  C  4   32    4    5   0   0   3    6   4   13    0   0   2   3   6   0    11   0   0   0   0  -17
jones,derrick     pho SF 17  264   41   60   1   4  16   19  20   37    4   7   4  12  30   0    99   1   0   0   2   57
jones,james       cle SG 25  207   23   56  16  41   8   13   3   23   10   1   7   5  19   0    70   0   0   0   1  -54
jones,terrence    mil PF 28  653  126  265   8  39  56   88  37  175   31  21  23  31  30   1   316   1   0   0   5  -21
jones,tyus        min PG 26  343   36   78  14  35  13   19   4   26   68  19  18   3  29   0    99   0   0   0   0  -27
jordan,deandre    lac  C 41 1294  222  302   0   0 105  224 151  571   36  37  57  70  99   0   549   8   0   0  41  413
joseph,cory       tor PG 41 1027  158  335  23  60  45   60  29  118  154  36  56   5  73   0   384   0   0   0  11   86
kaminsky,frank    cha PF 38  978  156  406  53 169  56   82  35  183   94  26  32  26  64   0   421   0   0   0   7   83
kanter,enes       okl  C 35  712  193  337   2  16  99  124  79  222   31  15  61  26  72   0   487   1   0   0   0  100
kelly,ryan        atl PF  7   29    2    6   0   1   2    2   0    3    2   1   0   1   3   0     6   0   0   0   0   19
kidd-gilchrist,m  cha SF 40 1168  156  302   0   1  79  104  79  271   54  36  24  43  94   0   391   0   0   0  40   97
kilpatrick,sean   bro SG 36  921  167  396  60 169 102  117  13  171   76  19  81   4  61   0   496   1   0   0   9  -98
knight,brandon    pho PG 25  488   74  219  16  59  69   82  12   59   52  15  36   3  34   0   233   0   0   0   1 -134
korver,kyle       cle SF 33  864  133  274  89 193  23   25   4   94   55  17  34  13  44   0   378   0   0   0  10  -68
koufos,kosta      sac  C 35  692  102  192   0   0  16   24  58  197   24  21  32  24  82   2   220   2   0   0  27  -54
kuzminskas,minda  nyk SF 34  543   82  187  28  87  25   34  25   59   36  18  21   6  39   0   217   0   0   0   2   37
labissiere,skal   sac PF 16  290   53   93   1   3  25   38  24   82   13  11  14   7  35   0   132   0   0   0   7   11
lamb,jeremy       cha SG 29  514  106  220  25  70  47   56  11  117   37  13  21  14  36   0   284   0   0   0   2   -3
laprovittola,nic  san PG  7   95   11   25   6  14   5    5   1    8   17   3   8   1   6   0    33   0   0   0   1  -26
lauvergne,joffre  chi  C 34  457   71  160  16  52  20   34  33  123   33  14  26   3  44   1   178   0   0   0   1   37
lavine,zach       min SG 23  864  155  338  65 162  67   81  11   85   72  20  48   6  53   0   442   1   0   0  23   35
lawson,ty         sac PG 35  903  135  275  18  65  89  105  23  104  170  35  74   1  74   1   377   0   0   0  15   20
layman,jake       por SF 16  130   15   49   8  26   1    2   4   12    8   6   7   2   6   0    39   0   0   0   1  -21
lee,courtney      nyk SG 39 1233  160  351  57 140  31   38  26  121   90  53  36  12  65   0   408   1   0   0  37  -86
lee,david         san PF 39  750  130  208   0   0  40   58  70  209   64  18  33  18  51   0   300   0   0   0   6  180
len,alex          pho  C 37  728  109  214   0   4  74   97  69  241   17  17  50  53 111   3   292   2   0   0  16 -119
leonard,kawhi     san SF 37 1244  317  651  88 195 219  250  37  223  129  63  70  35  56   0   941   0   0   0  37  215
leonard,meyers    por  C 35  642   73  196  38 114  16   19  12  124   41   6  16  15  90   0   200   2   0   0   8   58
leuer,jon         det PF 39 1023  148  329  27  86  45   51  46  201   63  14  30  17  84   0   368   0   0   0  20   24
levert,caris      bro SG 28  598   83  187  31  96  40   57   8   88   52  23  27   1  53   1   237   0   0   0  11  -32
liggins,deandre   cle SG 30  356   22   64   7  19  13   22   5   53   31  19  18  10  37   0    64   0   0   0   9   22
lillard,damian    por PG 37 1352  325  733 101 289 243  275  22  189  229  37 105   6  68   1   994   0   0   0  37  144
lin,jeremy        bro PG 14  348   61  149  19  54  41   50   5   59   81  19  34   6  24   0   182   0   0   0  14  -19
livingston,shaun  gsw PG 40  704  104  175   0   1  16   27  17   80   68  14  22   9  56   0   224   0   0   0   1  114
long,shawn        phi PF  7   82   24   42   3   8   6   15  14   32    7   0   3   4  13   0    57   1   0   0   0    3
looney,kevon      gsw SF 27  218   29   56   1   7  10   20  19   61   12  10   8   6  25   0    69   0   0   0   1    4
lopez,brook       bro  C 40 1220  327  664  83 225 162  200  73  221   87  21 101  60  95   1   899   1   0   0  40  -11
lopez,robin       chi  C 40 1121  176  381   0   0  34   43 123  262   36   7  44  59  73   0   386   2   0   0  40   50
love,kevin        cle PF 30  914  198  436  76 197 129  151  69  321   63  31  63  14  62   1   601   0   0   0  30  306
lowry,kyle        tor PG 30 1124  206  435  98 211 145  186  23  137  209  41  86  12  82   0   655   4   0   0  30  282
lucas,john        min PG  2    2    0    0   0   0   0    0   0    0    0   0   0   0   0   0     0   0   0   0   0    9
luwawu-cabarrot,  phi SG 32  512   62  160  21  74  51   56  14   71   36  17  28   4  65   0   196   0   0   0   7  -32
lyles,trey        uta PF 38  640   84  255  32 119  36   46  30  137   41  16  32  11  51   0   236   1   0   0   2   67
mack,shelvin      uta PG 27  602   81  186  22  66  37   48  12   66   75  21  42   1  47   0   221   0   0   0   3   31
mahinmi,ian       was  C 13  235   29   49   0   0  24   32  24   58    4  15  14  12  38   0    82   2   0   0   0  -11
maker,thon        mil PF 22  228   39   86  11  33   8   11  14   45    7   2   7   6  33   0    97   0   0   0  16  -23
marjanovic,boban  det  C 14   97   21   42   0   0  12   17  20   49    3   2   7   6   6   0    54   0   0   0   0    9
martin,jarell     mem PF 23  311   35   88   5  13  27   31  27   97    5   9  14   7  48   1   102   0   0   0   1   -2
matthews,wesley   dal SG 38 1267  177  430  96 242  76   89  11  139   98  39  53  10  86   0   526   2   0   0  38   44
mbah_a_moute,luc  lac SF 41  923  104  194  22  53  32   47  21   92   23  36  27  19  60   0   262   0   0   0  40  256
mcadoo,james      gsw PF 24  218   28   57   2   8   5   17  17   41    8   9  10  11  18   0    63   0   0   0   1  -25
mccaw,patrick     gsw PG 35  496   42  111  13  54  16   21  12   47   40  13  20  10  31   0   113   0   0   0  10   82
mcclellan,sheldo  was SG 13   84    5   21   1   8   4    5   2    6    9   2   2   0   3   0    15   0   0   0   1  -24
mccollum,c.j.     por SG 39 1373  342  710  99 229 120  131  31  144  162  36  76  22  90   0   903   2   0   0  39  244
mcconnell,t.j.    phi PG 41  998  108  233   3  21  37   47  21  111  246  60  78   6  67   0   256   0   0   0  22 -145
mccullough,chris  bro PF  7   30    2    8   0   3   1    2   1    6    0   0   1   0   2   0     5   0   0   0   0    9
mcdaniels,k.j.    bro SG 21  193   29   67   7  27   6    7   7   37    6   8  14   5  20   0    71   0   0   0   0  -15
mcdermott,doug    okl SF 36  815  127  282  37 108  32   35  13   99   35   8  18   2  36   0   323   1   0   0   2   86
mcgee,javale      gsw  C 40  386  120  182   0   4  29   60  62  144    8   9  21  37  49   0   269   2   0   0   4  222
mcgruder,rodney   mia SG 38  945   92  221  34 106  20   36  39  111   63  13  29   9  66   0   238   1   0   0  33   -5
mclemore,ben      sac SG 35  636  109  238  46 101  46   57  11   72   22  14  33   4  58   0   310   0   0   0  16  -84
mcrae,jordan      cle SG 23  199   25   74   6  22  16   21   2   24   14   8   9   4  20   0    72   1   0   0   2  -77
mcroberts,josh    mia PF 11  172   22   47   8  15   3    4  12   33   23   2   8   1  16   0    55   0   0   0   7  -35
meeks,jodie       orl SG 17  334   45  118  22  58  23   29   1   31   14  13   9   1  20   0   135   0   0   0   5  -53
mejri,salah       dal  C 38  432   45   78   0   2  13   21  51  170    7  15  21  34  69   1   103   2   0   0   5  101
mickey,jordan     bos PF 10   78   10   19   0   1   5    8   5   14    3   2   5   4   4   0    25   0   0   0   1  -20
middleton,khris   mil SG 16  481   78  177  26  63  44   50   7   71   53  22  33   2  42   0   226   2   0   0  11   33
miles,c.j.        ind SF 37  852  134  305  77 192  37   40  12   93   21  25  21  16  77   1   382   0   0   0  15   82
miller,mike       den SG 11   58    5   10   5  10   2    2   1   17    5   0   3   0   4   0    17   0   0   0   0  -22
mills,patty       san PG 40  891  129  299  64 164  40   47  14   78  159  32  50   2  55   0   362   0   0   0   6  162
millsap,elijah    pho SG  1   12    0    5   0   2   0    0   0    2    1   0   1   0   2   0     0   0   0   0   0   -6
millsap,paul      atl PF 37 1287  250  532  42 127 172  224  67  298  146  45  89  32  96   0   714   3   0   0  36  109
mirotic,nikola    chi PF 36  884  139  317  67 183  54   63  36  197   42  30  44  30  75   0   399   1   0   0   7  177
monroe,greg       mil  C 41  978  199  387   0   2 102  133  92  298  102  53  58  22  85   0   500   5   0   0   0  168
moore,e'twaun     nor SG 38  937  138  317  37 109  33   40  18   90   92  30  28  19  63   0   346   2   0   0   9   76
morris,marcus     det PF 41 1330  228  534  69 191  87  111  48  218   90  24  43  10  88   1   612   5   0   0  41  140
morris,markieff   was PF 39 1176  201  445  37 103  93  112  48  245   70  49  67  22 134   4   532   5   0   0  39  153
morrow,anthony    chi SG 24  345   53  130  22  70  12   13   6   16   14  10   4   0  24   0   140   0   0   0   3   85
motiejunas,donat  nor PF 15  164   25   48   7  19   8   18  10   41    9   3  13   6  23   0    65   0   0   0   0  -41
mozgov,timofey    lal  C 27  575   98  174   0   0  35   43  49  120   24  11  28  15  55   1   231   1   0   0  25  -40
mudiay,emmanuel   den PG 29  737  119  283  33  94  57   75  19   98  141  21  55   7  44   0   328   0   0   0  21   46
muhammad,shabazz  min SF 38  751  133  286  26  72  66   83  39  113   16   9  32   3  42   0   358   0   0   0   1  -12
murray,dejounte   san PG 19  159   26   57   8  18  16   20   1   15   25   5  19   2  17   0    76   0   0   0   3   34
murray,jamal      den SG 41  838  145  356  55 156  55   64  22   96   79  32  52  12  67   0   400   0   0   0   2    3
muscala,mike      atl PF 32  584   70  154  16  46  33   42  43  123   43  14  27  20  51   0   189   0   0   0   1  -10
nance,larry       lal PF 28  652   86  160   5  17  33   46  49  158   47  33  24  15  59   0   210   0   0   0   4   13
napier,shabazz    por PG 24  237   34   84  18  37  24   31   5   21   25  15  21   0  27   0   110   0   0   0   2  -18
ndour,maurice     nyk SF 19  212   20   50   0   5  10   14  16   41    5   8   9   4  14   0    50   1   0   0   3   -5
neal,gary         atl PG  1    6    0    3   0   1   0    0   0    0    0   0   0   0   0   0     0   0   0   0   0   -9
nelson,jameer     den PG 39 1036  135  293  53 133  22   29  11   90  201  20  57   4  93   0   345   2   0   0  22  111
neto,raul         uta PG 22  173   22   42   7  17   4    5   3   16   12   9  10   0  24   0    55   0   0   0   0   20
niang,georges     ind SF 11   45    4   21   1   8   2    2   0    7    3   1   0   0   4   0    11   0   0   0   0  -11
nicholson,andrew  bro PF 23  158   18   50   1   9   6   10   5   22    6   9   9   1  26   0    43   0   0   0   0  -38
noah,joakim       nyk  C 21  465   43   86   0   0  16   42  79  184   49  12  24  19  61   1   102   1   0   0  21  -12
noel,nerlens      dal PF 23  499   89  144   0   1  34   55  56  153   24  28  26  26  56   0   212   0   0   0   8    5
nogueira,lucas    tor  C 31  588   65   90   1   3  26   39  53  141   26  32  20  56  68   0   157   0   0   0   4  116
novak,steve       mil SF  3   10    0    3   0   3   0    0   0    1    0   0   0   0   0   0     0   0   0   0   0   -3
nowitzki,dirk     dal PF 29  742  155  343  34  94  49   53  13  196   43  16  27  22  58   0   393   0   0   0  29   68
nurkic,jusuf      por  C 31  632  123  227   0   0  66  109  72  211   60  20  66  36  67   0   312   1   0   0  20   16
nwaba,david       lal PG 12  220   28   42   1   2  13   19  10   34    4   7   7   4  20   0    70   0   0   0   1   13
o'bryant,johnny   cha PF  5   40    2   11   1   3   5    6   5    9    4   0   4   1   4   0    10   0   0   0   0    0
o'quinn,kyle      nyk PF 40  671  126  232   2   9  46   52  85  234   63  17  42  64  87   0   300   1   0   0   6  -86
ochefu,daniel     was PF 11   32    5   12   0   0   0    0   2   13    1   1   3   0  13   0    10   0   0   0   0  -12
okafor,jahlil     phi  C 25  536  107  208   0   0  51   72  42  122   26   6  45  27  67   1   265   0   0   0  13 -150
oladipo,victor    okl SG 35 1166  222  477  73 183  65   86  14  151   99  37  68   6  77   0   582   0   0   0  35  244
olynyk,kelly      bos  C 37  726  124  236  32  78  38   52  41  176   79  17  49  12  95   0   318   2   0   0   3  -14
onuaku,arinze     orl PF  2    9    0    2   0   0   0    0   0    3    0   0   0   0   1   0     0   0   0   0   0   -3
onuaku,chinanu    hou PF  2   16    3    4   0   0   2    2   1    3    2   2   2   1   1   0     8   0   0   0   0  -13
oubre,kelly       was SF 38  772   94  212  30  95  37   46  24  131   25  27  25   6  98   1   255   0   0   0   2   49
pachulia,zaza     gsw  C 37  654   76  152   0   1  46   57  61  203   69  29  44  22  84   0   198   2   0   0  37  265
papagiannis,geor  sac  C 11  136   22   42   0   0   4    6   8   30    7   1  11   5  13   0    48   1   0   0   0  -17
parker,jabari     mil PF 26  899  214  444  41 102  91  128  44  151   72  31  44  13  51   0   560   0   0   0  26   10
parker,tony       san PG 31  759  141  296  10  30  33   56   4   65  147  18  46   0  50   0   325   0   0   0  31  134
parsons,chandler  mem SF 13  264   29   87  12  35  14   18   2   25   31  12  10   4  21   0    84   0   0   0  13   13
patterson,lamar   atl SG  3   19    0    6   0   2   2    2   0    1    3   0   0   0   3   0     2   0   0   0   0    7
patterson,patric  tor PF 33  821   81  194  45 118  25   34  33  162   42  20  21  16  69   1   232   0   0   0   4  217
paul,chris        lac PG 34 1053  206  428  72 163 126  142  18  162  329  72  88   2  73   0   610   5   0   0  34  457
payne,adreian     min PF  8   66   12   29   2   8  10   15   7   16    2   3   4   5  18   0    36   1   0   0   0   -6
payne,cameron     chi PG 13  181   28   82  13  33   1    4   1   12   23   3   8   1  18   0    70   0   0   0   0  -39
payton,elfrid     orl PG 41 1219  207  444  17  67  70  100  50  207  252  41  96  18  85   0   501   1   0   0  30    9
payton,gary       mil SG  2   10    2    3   1   2   0    0   0    1    0   0   2   0   0   0     5   0   0   0   0  -14
pierce,paul       lac SF 13  133   15   36   7  22   3    5   1   25    4   2   7   2  17   0    40   0   0   0   3   26
plumlee,marshall  nyk  C  9   73    9   14   0   0   3    5  11   23    2   3   5   1  11   0    21   0   0   0   1   -7
plumlee,mason     den PF 40 1094  174  311   0   3  76  147  95  328  151  31  68  47 107   2   424   1   0   0  33   69
plumlee,miles     cha  C 21  237   22   39   0   0  16   21  16   46   13  10  12   7  37   0    60   0   0   0   8  -21
poeltl,jakob      tor  C 28  300   34   63   0   0  22   37  43   80    7   9  17  11  61   1    90   0   0   0   2   -2
porter,otto       was SF 40 1349  212  394  71 165  58   69  57  260   65  56  27  21  95   0   553   0   0   0  40  182
portis,bobby      chi PF 28  443   88  180  16  42  19   31  39  141   15  11  15   7  40   0   211   1   0   0   7  -72
porzingis,krista  nyk PF 30  996  204  439  55 144  84  108  49  209   44  21  58  64  99   1   547   0   0   0  29   17
powell,dwight     dal PF 38  637   91  164   8  26  54   69  51  142   30  28  15  18  80   0   244   0   0   0   0  -52
powell,norman     tor SG 39  629  113  251  31  91  73   90   8   81   39  21  33   5  56   0   330   0   0   0   8   46
poythress,alex    phi SF  4  101   12   32   6  13   5    7   7   19    3   2   3   0  10   0    35   0   0   0   0  -21
price,ronnie      pho PG  9   86    0   12   0   9   3    4   3    7   10   7   1   1   8   0     3   0   0   0   0  -32
prince,taurean    atl SF 29  427   51  125  13  43  37   45   7   65   25  16  27  16  43   0   152   0   0   0   5  -15
quarterman,tim    por SG  7   49    7   19   3   9   0    3   2   10    7   2   8   1   3   0    17   0   0   0   0   -8
randle,chasson    nyk PG  8  104   12   31   4  16  16   17   2   15   12   4  12   1  17   0    44   0   0   0   0   -8
randle,julius     lal PF 38 1155  200  407   9  37 118  160  80  341  161  26  90  20 121   0   527   4   0   0  38 -125
randolph,zach     mem PF 35  825  213  447  13  42  74  105  89  294   57  14  53   4  69   0   513   0   0   0   1   55
redick,jj         lac SG 39 1121  202  453 109 240  95  108   4   86   61  33  43   7  61   0   608   1   0   0  39  427
reed,willie       mia PF 36  467   68  126   0   3  22   38  53  130    9   8  15  19  64   0   158   0   0   0   1   10
richardson,josh   mia SG 28  879  120  286  42 120  27   37  19   91   73  23  30  24  72   0   309   1   0   0  16   37
richardson,malac  sac SG  8   59    8   20   3   9   6    6   0    3    2   1   4   0   7   0    25   0   0   0   0   -4
rivers,austin     lac SG 35  940  143  334  39 124  62   81   5   74   99  21  52   6  86   1   387   1   0   0  11   75
roberson,andre    okl SG 40 1269  133  267  33 109  28   63  51  228   40  54  28  44 104   2   327   1   0   0  40  197
roberts,brian     cha PG 20  167   19   46  11  19  15   18   3   15   23   3  10   1   8   0    64   0   0   0   0   -8
robinson,glenn    ind SG 34  715   84  167  26  62  23   35  24  131   19  20  21  11  30   0   217   0   0   0  13   30
robinson,thomas   lal PF 25  296   64  110   0   0  17   39  47  126   14  15  26   6  44   0   145   1   0   0   1   -5
rodriguez,sergio  phi PG 35  838  113  289  43 136  11   17  13   98  205  27  69   1  54   0   280   0   0   0  18   -4
rondo,rajon       chi PG 34  887  106  270  29  60  15   27  37  179  242  51  80   6  67   0   256   1   0   0  21   58
rose,derrick      nyk PG 32 1037  234  473   3  23 108  126  31  128  142  19  72   8  46   0   579   0   0   0  32   -6
ross,terrence     orl SF 42 1053  173  395  80 221  48   55  10  111   52  46  38  19  74   0   474   1   0   0  14  132
rozier,terry      bos PG 37  611   71  191  27  77  23   29  15  110   59  23  28   4  40   0   192   3   0   0   0  -14
rubio,ricky       min PG 38 1263  131  330  32 107 127  142  33  163  375  72  94   4 110   1   421   0   0   0  38  132
rudez,damjan      orl SF 22  144   15   38  12  30   0    0   5   14    9   6   3   0  16   0    42   0   0   0   0  -20
rush,brandon      min SG 22  499   38  102  27  63  11   16  12   51   20  11  15  12  21   0   114   0   0   0  16   23
russell,d'angelo  lal PG 34  991  201  472  82 217  77  100  15  130  170  44  91   6  64   0   561   3   0   0  33  -87
sabonis,domantas  okl PF 41  841   94  249  22  78  27   38  21  145   40  21  42  19 100   1   237   0   0   0  33  125
sanders,larry     cle  C  3    6    0    1   0   0   2    2   0    0    0   1   0   1   2   0     2   0   0   0   0    0
saric,dario       phi SF 41 1007  166  416  44 154  80  100  47  251  108  27  83  13  69   0   456   0   0   0  18  -68
satoransky,tomas  was SG 30  393   31   77   4  17  16   18  17   49   51  12  19   4  33   0    82   0   0   0   0    1
schroder,dennis   atl PG 40 1250  268  609  51 147  95  116  17  122  277  40 120   6  76   0   682   1   0   0  40  -74
scola,luis        bro PF 17  202   22   58   2  18  10   15  25   65   18  10  15   2  28   0    56   0   0   0   0  -45
scott,mike        atl PF  8   89   10   26   1   9   4    4   7   18    8   2   4   1   8   0    25   0   0   0   0  -27
sefolosha,thabo   atl SF 32  819   88  205  16  61  28   39  30  132   58  53  30  13  49   0   220   1   0   0  22  -21
selden,wayne      na  SG  9  155   17   36   5  15  10   14   1   11    9   1   8   0  12   0    49   0   0   0   2  -30
seraphin,kevin    ind  C 25  308   55  108   0   2   8   11  25   78    9   1  18  12  31   0   118   0   0   0   2  -76
sessions,ramon    cha PG 25  405   52  124  14  32  46   59   7   37   64   7  20   3  17   0   164   0   0   0   0  -20
shumpert,iman     cle SG 39  971  104  254  58 149  39   50  26  113   59  31  37  17  79   0   305   2   0   0  14  163
siakam,pascal     tor SF 28  403   60  108   1   4  13   16  29   83    9  11  18  20  51   0   134   0   0   0  17   13
simmons,jonathon  san SG 40  748  102  233  18  59  54   72  10   84   70  24  41  16  75   1   276   0   0   0   6  129
singler,kyle      okl SF 13  153   11   28   1  13   4    6   1   20    3   2   6   2  13   0    27   0   0   0   1   -2
smart,marcus      bos PG 40 1181  125  365  53 170  90  108  42  150  206  55  86  20  85   0   393   4   0   0  10   89
smith,ish         det PG 41  974  165  373  14  44  46   64   8  116  218  31  62  18  65   0   390   1   0   0  13  126
smith,j.r.        cle SG 20  593   69  177  59 141   4    6  12   62   34  20  11   7  41   0   201   1   0   0  18  141
smith,jason       was PF 35  529   85  166  17  35  15   22  36  123   20  10  24  26  79   1   202   1   0   0   1   42
snell,tony        mil SF 40 1202  126  279  72 177  26   30   6  110   43  26  26   8  67   0   350   0   0   0  40  -68
speights,marrees  lac  C 41  641  124  270  49 140  57   67  44  195   42  10  40  23 124   2   354   0   0   0   0   15
splitter,tiago    phi  C  4   32    4   11   0   2   6    6   1   10    2   0   3   0   3   0    14   0   0   0   0    5
stauskas,nik      phi SG 40 1062  128  308  68 176  45   55   7  112   95  17  54  20  75   0   369   0   0   0  12    3
stephenson,lance  ind SG 12  235   36   80   3  12   6   10   5   39   38   4  18   1  17   0    81   1   0   0   0    8
stokes,jarnell    den PF  1    6    1    1   0   0   0    0   1    2    2   1   0   0   2   0     2   0   0   0   0    2
stone,diamond     lac  C  5   19    2    9   0   0   2    2   1    4    0   0   2   1   4   0     6   1   0   0   0  -24
stuckey,rodney    ind PG 19  368   49  125  11  32  41   52   3   43   41   5  30   0  26   0   150   0   0   0   0  -36
sullinger,jared   tor  C  4   37    3   11   1   4   2    2   2    6    0   3   0   0   3   0     9   0   0   0   1   -7
tavares,edy       cle  C  1   24    3    4   0   0   0    1   4   10    1   0   2   6   3   0     6   0   0   0   0    4
taylor,isaiah     hou PG  1    1    0    0   0   0   0    0   0    0    0   0   0   0   1   0     0   0   0   0   0   -5
teague,jeff       ind PG 41 1339  213  463  45 128 161  186  16  172  324  48 101  23  81   1   632   0   0   0  41  266
teletovic,mirza   mil PF 33  474   58  179  41 132  13   19   2   54   23   7  15   3  41   0   170   0   0   0   2   60
temple,garrett    sac SG 30  787   83  187  37 105  21   27  11   75   67  37  29  10  56   0   224   0   0   0   7  -43
terry,jason       mil SG 38  731   61  128  43  92  14   18   6   55   56  24  20   9  60   0   179   1   0   0   0  162
thomas,isaiah     bos PG 40 1354  378  790 133 340 303  331  31  119  226  37 126   8  82   0  1192   3   0   0  40  248
thomas,lance      nyk SF 19  400   43  102  17  36  18   24  14   64   14   5  12   0  44   0   121   0   0   0   8  -97
thompson,hollis   na  SG 23  426   47  114  20  51   9   15   6   64   19  10   4   3  39   0   123   0   0   0   4  -16
thompson,klay     gsw SG 39 1283  340  676 147 308  81   99  24  139   92  32  53  24  68   0   908   0   0   0  39  498
thompson,tristan  cle  C 40 1195  130  225   0   2  49  101 156  382   38  22  35  48  80   0   309   2   0   0  40  252
thornton,marcus   was SF 18  316   46  106  18  40  12   14  13   43   26  10  18   1  26   0   122   0   0   0   1  -37
tolliver,anthony  sac PF 36  831   86  193  52 128  43   53  25  131   44  20  33   7  65   0   267   0   0   0   7  -19
toupane,axel      mil SG  2    6    0    1   0   1   0    0   0    0    0   0   0   0   1   0     0   0   0   0   0   -9
towns,karl-antho  min PF 41 1537  412  746  47 137 211  254 146  520  110  28 109  56 129   0  1082   3   0   0  41  125
tucker,p.j.       tor PF 39 1082  109  240  40 104  48   59  51  227   49  57  28   9  99   0   306   7   0   0  10    8
turner,evan       por SG 33  846  122  282  18  66  48   62  13  123  116  32  52   9  54   0   310   1   0   0   7    2
turner,myles      ind PF 40 1287  231  459  19  55 143  179  74  319   54  40  46  97 123   1   624   1   0   0  40  320
udrih,beno        det PG 13  221   38   81   4  10   9   10   2   31   57   4  15   0  12   0    89   0   0   0   0   58
ulis,tyler        pho PG 31  559  101  212  13  39  27   32  10   47  116  20  43   4  38   0   242   0   0   0   7  -17
uthoff,jarrod     dal SF  3   42    4   11   1   2   0    0   0    7    5   0   1   2   4   0     9   0   0   0   0  -47
valanciunas,jona  tor  C 40 1036  195  364   0   1  98  119 134  418   28  17  52  38  99   0   488   2   0   0  40  183
valentine,denzel  chi SG 26  423   51  127  37  90   7    8   4   78   33  15  23   1  31   0   146   0   0   0   0    7
vanvleet,fred     tor PG 17  110   16   38   7  11   3    4   1   10    9   9   8   1  16   0    42   0   0   0   0   35
varejao,anderson  gsw  C 10   55    5   10   0   0   6    9   7   15    7   2   6   3  10   0    16   0   0   0   0  -12
vasquez,greivis   bro PG  1   14    1    3   1   1   2    3   0    1    2   0   1   1   3   0     5   0   0   0   0    9
vaughn,rashad     mil SG 17  171   26   60  12  32   0    0   1   15    8   5   1   4  19   0    64   0   0   0   1  -19
vonleh,noah       por PF 37  632   62  137   4  13  28   42  74  200   19  16  31  15  76   1   156   0   0   0  22   -9
vucevic,nikola    orl  C 37 1086  251  537   9  33  60   92  90  393   94  39  62  41  83   0   571   2   0   0  28  -26
vujacic,sasha     nyk SG 19  189   19   65  11  33   7   10   6   29   29   8   9   0  16   0    56   0   0   0   1    0
wade,dwyane       chi SG 33  975  226  532  24  74 135  173  41  150  126  39  83  27  64   0   611   6   0   0  32   -1
waiters,dion      mia SG 24  735  164  344  53 120  47   78  10   80   98  23  73   9  43   0   428   1   0   0  24  139
walker,kemba      cha PG 41 1416  332  754 124 315 169  204  24  158  244  39  80  14  59   0   957   0   0   0  41  182
wall,john         was PG 41 1484  339  747  60 150 222  277  32  177  441  94 188  29  89   0   960   9   0   0  41  230
warren,t.j.       pho SF 33 1005  198  394  10  48  59   73  65  178   43  30  29  24  92   0   465   0   0   0  30  -86
watson,c.j.       orl PG 29  474   42  115  14  48  34   40   8   41   51  24  23   2  36   0   132   0   0   0   4  -87
weber,briante     cha PG 12   95   13   32   0   4   3    5   4   14   10   6   3   0   3   0    29   0   0   0   0  -30
west,david        gsw PF 37  442   66  122   0   1  17   22  29  108   77  23  44  25  50   0   149   2   0   0   0   57
westbrook,russel  okl PG 41 1421  422  961  92 270 339  400  75  442  459  70 224  15  86   0  1275  10   0   0  41  301
white,okaro       mia PF 19  223   15   45   3  15   9    9  14   38    9   3  10   5  21   0    42   0   0   0   0   46
whitehead,isaiah  bro SG 39  913  100  279  23  76  46   59  22  115  102  21  78  21 108   1   269   1   0   0  17  -54
whiteside,hassan  mia  C 40 1316  294  505   0   0 138  217 158  602   25  33  85  93 120   1   726   2   0   0  40  171
wiggins,andrew    min SF 41 1538  358  773  56 145 194  259  50  168  109  37  92  18  94   1   966   0   0   0  41  185
wilcox,c.j.       orl SG  8   30    1    8   0   4   0    0   1    4    3   1   2   1   5   0     2   0   0   0   0   -7
williams,alan     pho PF 23  357   71  146   0   0  46   68  51  150   10  11  13  17  61   1   188   1   0   0   0   64
williams,deron    na  PG 30  775  118  280  36 109  58   68   7   70  170  17  66   1  70   0   330   2   0   0  22   11
williams,derrick  cle PF 22  354   56  114  18  49  21   33   7   54   16   5   9   2  21   0   151   0   0   0   5  -39
williams,louis    hou SG 39  955  213  487  90 224 175  200  11  109  126  36  72   9  47   0   691   1   0   0   0  110
williams,marvin   cha PF 37 1123  146  342  56 175  63   70  46  264   58  33  26  25  70   0   411   0   0   0  37   29
williams,reggie   nor SF  1    9    1    3   1   2   2    2   0    0    1   1   0   0   1   0     5   0   0   0   0   -2
williams,troy     na  SF 17  284   29   77   5  25   3    7   5   34   10  18  17   8  33   0    66   0   0   0   9  -29
wiltjer,kyle      hou PF  5   19    2    6   2   6   1    2   3    4    1   2   1   1   0   0     7   0   0   0   0  -13
winslow,justise   mia SF 11  389   52  133   7  27  20   34  11   56   38  20  25   3  35   0   131   1   0   0   8   10
withey,jeff       uta  C 27  215   35   65   0   1  23   33  32   63    3   8   6  22  28   0    93   0   0   0   0   14
wood,christian    cha PF  4   34    6   10   0   1   6    7   7   12    0   2   3   2   4   0    18   0   0   0   0   13
wright,brandan    mem PF 16  245   44   72   0   0  12   20  14   41   11   4   3  15  22   0   100   0   0   0   4   44
wright,delon      tor PG 13  229   27   59   4  14  23   27   6   20   34  16  11   5  15   0    81   0   0   0   0   34
young,james       bos SG 13   84    7   19   3  11   4    6   1   12    2   3   1   1   3   0    21   0   0   0   0   -2
young,joe         ind PG 20   59    6   30   1  10   2    4   1    6    7   0   2   0   3   0    15   1   0   0   0  -48
young,nick        lal SF 28  758  137  305  87 202  38   46  15   70   32  16  20   8  62   0   399   4   0   0  28   35
young,thaddeus    ind PF 35 1119  179  344  30  65  23   44  62  216   59  53  41  14  70   1   411   0   0   0  35  254
zeller,cody       cha  C 33  949  136  230   0   1  77  118  68  217   50  34  27  39  95   1   349   0   0   0  33  173
zeller,tyler      bos  C 24  264   43   91   0   0  14   24  23   58   18   6  11  10  32   0   100   0   0   0   2   -6
zimmerman,stephe  orl ?? 12   67    7   18   0   0   1    3   5   21    2   2   2   5  11   0    15   0   0   0   0  -21
zipser,paul       chi SF 21  405   53  119  22  55  14   18   4   63   14   7  19   8  30   0   142   0   0   0   7   50
zubac,ivica       lal  C 16  290   59  109   0   3  14   21  15   75   18   8  14  15  36   0   132   0   0   0   7  -51
